205331 -1768428110 109 3621198
909
09.2121 264 8770608 0 0
10.2121 108 3587976 0 0
11.2121 202 6710844 0 0
12.2121 385 12790470 0 0
01.2122 142 4717524 1 33222
02.2122 343 11395146 0 0
03.2122 18 597996 1 33222
04.2122 214 7109508 0 0
05.2122 85 2823870 0 0
06.2122 225 7474950 0 0
07.2122 328 10896816 0 0
08.2122 447 14850234 0 0
09.2122 24 797328 0 0
10.2122 54 1793988 0 0
11.2122 426 14152572 1 33222
12.2122 108 3587976 0 0
01.2123 60 1993320 0 0
02.2123 427 14185794 0 0
03.2123 207 6876954 0 0
04.2123 52 1727544 0 0
05.2123 149 4950078 0 0
06.2123 45 1494990 0 0
07.2123 244 8106168 0 0
08.2123 218 7242396 0 0
09.2123 18 597996 1 33222
10.2123 234 7773948 0 0
11.2123 305 10132710 0 0
12.2123 269 8936718 1 33222
01.2124 196 6511512 0 0
02.2124 222 7375284 0 0
03.2124 168 5581296 0 0
04.2124 152 5049744 0 0
05.2124 228 7574616 0 0
06.2124 230 7641060 0 0
07.2124 284 9435048 0 0
08.2124 355 11793810 0 0
09.2124 110 3654420 0 0
10.2124 374 12425028 0 0
11.2124 10 332220 0 0
12.2124 122 4053084 0 0
01.2125 199 6611178 0 0
02.2125 270 8969940 1 33222
03.2125 367 12192474 0 0
04.2125 53 1760766 0 0
05.2125 267 8870274 0 0
06.2125 110 3654420 0 0
07.2125 88 2923536 0 0
08.2125 369 12258918 0 0
09.2125 389 12923358 0 0
10.2125 345 11461590 0 0
11.2125 303 10066266 1 33222
12.2125 14 465108 0 0
01.2126 279 9268938 0 0
02.2126 424 14086128 1 33222
03.2126 265 8803830 0 0
04.2126 201 6677622 0 0
05.2126 81 2690982 0 0
06.2126 131 4352082 0 0
07.2126 269 8936718 0 0
08.2126 256 8504832 1 33222
09.2126 192 6378624 0 0
10.2126 70 2325540 0 0
11.2126 384 12757248 1 33222
12.2126 77 2558094 0 0
01.2127 164 5448408 0 0
02.2127 349 11594478 1 33222
03.2127 19 631218 0 0
04.2127 397 13189134 0 0
05.2127 222 7375284 0 0
06.2127 108 3587976 0 0
07.2127 428 14219016 0 0
08.2127 365 12126030 1 33222
09.2127 178 5913516 0 0
10.2127 325 10797150 0 0
11.2127 36 1195992 1 33222
12.2127 83 2757426 0 0
01.2128 349 11594478 0 0
02.2128 205 6810510 0 0
03.2128 223 7408506 0 0
04.2128 324 10763928 0 0
05.2128 7 232554 0 0
06.2128 249 8272278 1 33222
07.2128 22 730884 0 0
08.2128 72 2391984 0 0
09.2128 115 3820530 0 0
10.2128 85 2823870 0 0
11.2128 381 12657582 0 0
12.2128 422 14019684 0 0
01.2129 416 13820352 0 0
02.2129 66 2192652 0 0
03.2129 215 7142730 0 0
04.2129 45 1494990 0 0
05.2129 374 12425028 0 0
06.2129 287 9534714 0 0
07.2129 324 10763928 0 0
08.2129 346 11494812 0 0
09.2129 348 11561256 0 0
10.2129 443 14717346 0 0
11.2129 316 10498152 0 0
12.2129 103 3421866 0 0
01.2130 335 11129370 0 0
02.2130 336 11162592 0 0
03.2130 437 14518014 0 0
04.2130 424 14086128 0 0
05.2130 239 7940058 0 0
06.2130 85 2823870 0 0
07.2130 327 10863594 0 0
08.2130 267 8870274 0 0
09.2130 177 5880294 0 0
10.2130 134 4451748 0 0
11.2130 99 3288978 0 0
12.2130 29 963438 0 0
01.2131 317 10531374 0 0
02.2131 384 12757248 0 0
03.2131 372 12358584 0 0
04.2131 90 2989980 0 0
05.2131 340 11295480 0 0
06.2131 16 531552 0 0
07.2131 407 13521354 1 33222
08.2131 194 6445068 0 0
09.2131 68 2259096 0 0
10.2131 233 7740726 0 0
11.2131 36 1195992 0 0
12.2131 103 3421866 0 0
01.2132 135 4484970 0 0
02.2132 406 13488132 0 0
03.2132 15 498330 0 0
04.2132 82 2724204 0 0
05.2132 130 4318860 0 0
06.2132 311 10332042 0 0
07.2132 433 14385126 0 0
08.2132 292 9700824 0 0
09.2132 262 8704164 0 0
10.2132 355 11793810 0 0
11.2132 296 9833712 0 0
12.2132 14 465108 0 0
01.2133 445 14783790 0 0
02.2133 409 13587798 0 0
03.2133 382 12690804 0 0
04.2133 311 10332042 0 0
05.2133 58 1926876 1 33222
06.2133 443 14717346 0 0
07.2133 274 9102828 0 0
08.2133 433 14385126 0 0
09.2133 444 14750568 0 0
10.2133 53 1760766 0 0
11.2133 340 11295480 0 0
12.2133 32 1063104 0 0
01.2134 7 232554 0 0
02.2134 120 3986640 0 0
03.2134 79 2624538 0 0
04.2134 290 9634380 0 0
05.2134 413 13720686 0 0
06.2134 406 13488132 0 0
07.2134 21 697662 0 0
08.2134 193 6411846 0 0
09.2134 316 10498152 0 0
10.2134 332 11029704 0 0
11.2134 336 11162592 1 33222
12.2134 131 4352082 0 0
01.2135 212 7043064 0 0
02.2135 31 1029882 0 0
03.2135 46 1528212 0 0
04.2135 404 13421688 0 0
05.2135 253 8405166 0 0
06.2135 52 1727544 0 0
07.2135 436 14484792 1 33222
08.2135 120 3986640 0 0
09.2135 392 13023024 0 0
10.2135 118 3920196 0 0
11.2135 358 11893476 0 0
12.2135 417 13853574 0 0
01.2136 282 9368604 0 0
02.2136 19 631218 0 0
03.2136 396 13155912 0 0
04.2136 119 3953418 0 0
05.2136 276 9169272 0 0
06.2136 59 1960098 0 0
07.2136 291 9667602 0 0
08.2136 303 10066266 1 33222
09.2136 3 99666 0 0
10.2136 233 7740726 0 0
11.2136 127 4219194 0 0
12.2136 160 5315520 0 0
01.2137 126 4185972 0 0
02.2137 296 9833712 0 0
03.2137 257 8538054 0 0
04.2137 266 8837052 0 0
05.2137 354 11760588 0 0
06.2137 372 12358584 0 0
07.2137 99 3288978 0 0
08.2137 272 9036384 1 33222
09.2137 261 8670942 0 0
10.2137 298 9900156 0 0
11.2137 288 9567936 0 0
12.2137 376 12491472 0 0
01.2138 139 4617858 0 0
02.2138 400 13288800 0 0
03.2138 337 11195814 0 0
04.2138 143 4750746 0 0
05.2138 318 10564596 0 0
06.2138 77 2558094 0 0
07.2138 444 14750568 0 0
08.2138 10 332220 0 0
09.2138 428 14219016 0 0
10.2138 24 797328 0 0
11.2138 33 1096326 0 0
12.2138 292 9700824 0 0
01.2139 365 12126030 0 0
02.2139 181 6013182 0 0
03.2139 218 7242396 1 33222
04.2139 387 12856914 0 0
05.2139 330 10963260 0 0
06.2139 126 4185972 0 0
07.2139 128 4252416 0 0
08.2139 13 431886 0 0
09.2139 56 1860432 0 0
10.2139 45 1494990 0 0
11.2139 65 2159430 0 0
12.2139 193 6411846 0 0
01.2140 151 5016522 0 0
02.2140 237 7873614 1 33222
03.2140 4 132888 0 0
04.2140 144 4783968 0 0
05.2140 268 8903496 0 0
06.2140 165 5481630 0 0
07.2140 148 4916856 1 33222
08.2140 386 12823692 0 0
09.2140 397 13189134 0 0
10.2140 127 4219194 0 0
11.2140 287 9534714 0 0
12.2140 404 13421688 0 0
01.2141 231 7674282 0 0
02.2141 383 12724026 0 0
03.2141 263 8737386 1 33222
04.2141 231 7674282 0 0
05.2141 30 996660 0 0
06.2141 74 2458428 0 0
07.2141 67 2225874 0 0
08.2141 391 12989802 0 0
09.2141 271 9003162 0 0
10.2141 14 465108 1 33222
11.2141 106 3521532 0 0
12.2141 40 1328880 0 0
01.2142 436 14484792 0 0
02.2142 359 11926698 0 0
03.2142 420 13953240 0 0
04.2142 65 2159430 0 0
05.2142 336 11162592 1 33222
06.2142 47 1561434 0 0
07.2142 46 1528212 0 0
08.2142 285 9468270 0 0
09.2142 213 7076286 0 0
10.2142 286 9501492 0 0
11.2142 431 14318682 0 0
12.2142 61 2026542 1 33222
01.2143 101 3355422 0 0
02.2143 29 963438 0 0
03.2143 421 13986462 0 0
04.2143 105 3488310 1 33222
05.2143 5 166110 0 0
06.2143 279 9268938 0 0
07.2143 195 6478290 0 0
08.2143 444 14750568 0 0
09.2143 412 13687464 0 0
10.2143 76 2524872 0 0
11.2143 199 6611178 0 0
12.2143 145 4817190 0 0
01.2144 298 9900156 0 0
02.2144 402 13355244 0 0
03.2144 123 4086306 0 0
04.2144 366 12159252 0 0
05.2144 416 13820352 1 33222
06.2144 369 12258918 0 0
07.2144 212 7043064 1 33222
08.2144 167 5548074 0 0
09.2144 244 8106168 0 0
10.2144 6 199332 0 0
11.2144 261 8670942 0 0
12.2144 158 5249076 0 0
01.2145 131 4352082 0 0
02.2145 437 14518014 0 0
03.2145 241 8006502 0 0
04.2145 389 12923358 0 0
05.2145 152 5049744 1 33222
06.2145 172 5714184 0 0
07.2145 62 2059764 0 0
08.2145 387 12856914 0 0
09.2145 404 13421688 0 0
10.2145 19 631218 0 0
11.2145 112 3720864 0 0
12.2145 216 7175952 0 0
01.2146 250 8305500 0 0
02.2146 364 12092808 0 0
03.2146 53 1760766 0 0
04.2146 200 6644400 0 0
05.2146 91 3023202 0 0
06.2146 289 9601158 0 0
07.2146 53 1760766 0 0
08.2146 99 3288978 0 0
09.2146 139 4617858 1 33222
10.2146 39 1295658 0 0
11.2146 372 12358584 0 0
12.2146 129 4285638 0 0
01.2147 60 1993320 0 0
02.2147 405 13454910 0 0
03.2147 192 6378624 0 0
04.2147 133 4418526 1 33222
05.2147 138 4584636 0 0
06.2147 340 11295480 0 0
07.2147 231 7674282 0 0
08.2147 442 14684124 1 33222
09.2147 336 11162592 1 33222
10.2147 264 8770608 0 0
11.2147 228 7574616 0 0
12.2147 85 2823870 0 0
01.2148 423 14052906 1 33222
02.2148 110 3654420 0 0
03.2148 440 14617680 0 0
04.2148 154 5116188 0 0
05.2148 396 13155912 0 0
06.2148 255 8471610 0 0
07.2148 0 0 0 0
08.2148 436 14484792 0 0
09.2148 423 14052906 1 33222
10.2148 296 9833712 0 0
11.2148 275 9136050 0 0
12.2148 47 1561434 0 0
01.2149 74 2458428 0 0
02.2149 321 10664262 0 0
03.2149 56 1860432 0 0
04.2149 167 5548074 0 0
05.2149 43 1428546 0 0
06.2149 336 11162592 0 0
07.2149 55 1827210 0 0
08.2149 237 7873614 1 33222
09.2149 335 11129370 0 0
10.2149 285 9468270 0 0
11.2149 2 66444 1 33222
12.2149 230 7641060 0 0
01.2150 381 12657582 0 0
02.2150 379 12591138 0 0
03.2150 201 6677622 0 0
04.2150 180 5979960 0 0
05.2150 366 12159252 1 33222
06.2150 432 14351904 0 0
07.2150 170 5647740 0 0
08.2150 176 5847072 1 33222
09.2150 443 14717346 1 33222
10.2150 274 9102828 0 0
11.2150 53 1760766 0 0
12.2150 328 10896816 0 0
01.2151 312 10365264 0 0
02.2151 255 8471610 0 0
03.2151 143 4750746 0 0
04.2151 229 7607838 0 0
05.2151 179 5946738 0 0
06.2151 76 2524872 0 0
07.2151 212 7043064 0 0
08.2151 113 3754086 1 33222
09.2151 84 2790648 0 0
10.2151 112 3720864 0 0
11.2151 287 9534714 0 0
12.2151 279 9268938 0 0
01.2152 189 6278958 0 0
02.2152 388 12890136 0 0
03.2152 277 9202494 0 0
04.2152 260 8637720 0 0
05.2152 316 10498152 0 0
06.2152 173 5747406 0 0
07.2152 30 996660 0 0
08.2152 446 14817012 0 0
09.2152 340 11295480 0 0
10.2152 394 13089468 0 0
11.2152 414 13753908 0 0
12.2152 83 2757426 0 0
01.2153 336 11162592 0 0
02.2153 430 14285460 0 0
03.2153 3 99666 0 0
04.2153 87 2890314 1 33222
05.2153 338 11229036 0 0
06.2153 440 14617680 0 0
07.2153 263 8737386 0 0
08.2153 176 5847072 0 0
09.2153 194 6445068 0 0
10.2153 200 6644400 0 0
11.2153 402 13355244 0 0
12.2153 207 6876954 0 0
01.2154 42 1395324 0 0
02.2154 72 2391984 0 0
03.2154 7 232554 0 0
04.2154 395 13122690 1 33222
05.2154 62 2059764 0 0
06.2154 415 13787130 0 0
07.2154 273 9069606 0 0
08.2154 286 9501492 0 0
09.2154 61 2026542 0 0
10.2154 424 14086128 1 33222
11.2154 87 2890314 0 0
12.2154 316 10498152 0 0
01.2155 387 12856914 0 0
02.2155 217 7209174 0 0
03.2155 386 12823692 1 33222
04.2155 146 4850412 0 0
05.2155 384 12757248 0 0
06.2155 59 1960098 0 0
07.2155 142 4717524 0 0
08.2155 342 11361924 0 0
09.2155 13 431886 0 0
10.2155 256 8504832 0 0
11.2155 215 7142730 1 33222
12.2155 344 11428368 0 0
01.2156 382 12690804 0 0
02.2156 91 3023202 1 33222
03.2156 256 8504832 0 0
04.2156 327 10863594 0 0
05.2156 249 8272278 0 0
06.2156 404 13421688 1 33222
07.2156 274 9102828 0 0
08.2156 340 11295480 1 33222
09.2156 427 14185794 1 33222
10.2156 85 2823870 0 0
11.2156 21 697662 0 0
12.2156 49 1627878 0 0
01.2157 437 14518014 0 0
02.2157 93 3089646 1 33222
03.2157 400 13288800 0 0
04.2157 290 9634380 0 0
05.2157 313 10398486 0 0
06.2157 247 8205834 1 33222
07.2157 250 8305500 0 0
08.2157 230 7641060 0 0
09.2157 402 13355244 0 0
10.2157 42 1395324 0 0
11.2157 184 6112848 0 0
12.2157 92 3056424 0 0
01.2158 369 12258918 0 0
02.2158 375 12458250 0 0
03.2158 286 9501492 0 0
04.2158 200 6644400 0 0
05.2158 276 9169272 0 0
06.2158 82 2724204 0 0
07.2158 392 13023024 0 0
08.2158 73 2425206 0 0
09.2158 160 5315520 1 33222
10.2158 26 863772 0 0
11.2158 332 11029704 0 0
12.2158 288 9567936 1 33222
01.2159 26 863772 0 0
02.2159 448 14883456 0 0
03.2159 305 10132710 0 0
04.2159 136 4518192 0 0
05.2159 177 5880294 0 0
06.2159 27 896994 0 0
07.2159 226 7508172 0 0
08.2159 171 5680962 0 0
09.2159 130 4318860 0 0
10.2159 129 4285638 0 0
11.2159 107 3554754 0 0
12.2159 127 4219194 0 0
01.2160 31 1029882 0 0
02.2160 286 9501492 0 0
03.2160 180 5979960 0 0
04.2160 113 3754086 0 0
05.2160 62 2059764 0 0
06.2160 8 265776 0 0
07.2160 357 11860254 1 33222
08.2160 294 9767268 0 0
09.2160 36 1195992 0 0
10.2160 141 4684302 0 0
11.2160 198 6577956 0 0
12.2160 382 12690804 0 0
01.2161 425 14119350 0 0
02.2161 39 1295658 0 0
03.2161 158 5249076 0 0
04.2161 137 4551414 0 0
05.2161 17 564774 0 0
06.2161 333 11062926 0 0
07.2161 386 12823692 0 0
08.2161 45 1494990 0 0
09.2161 155 5149410 0 0
10.2161 227 7541394 0 0
11.2161 107 3554754 0 0
12.2161 153 5082966 0 0
01.2162 227 7541394 0 0
02.2162 225 7474950 0 0
03.2162 445 14783790 1 33222
04.2162 40 1328880 0 0
05.2162 349 11594478 0 0
06.2162 282 9368604 0 0
07.2162 448 14883456 0 0
08.2162 197 6544734 0 0
09.2162 247 8205834 0 0
10.2162 112 3720864 0 0
11.2162 202 6710844 0 0
12.2162 449 14916678 0 0
01.2163 294 9767268 0 0
02.2163 141 4684302 1 33222
03.2163 268 8903496 1 33222
04.2163 225 7474950 0 0
05.2163 252 8371944 0 0
06.2163 288 9567936 0 0
07.2163 209 6943398 0 0
08.2163 181 6013182 0 0
09.2163 76 2524872 0 0
10.2163 357 11860254 0 0
11.2163 195 6478290 0 0
12.2163 313 10398486 0 0
01.2164 53 1760766 0 0
02.2164 227 7541394 0 0
03.2164 207 6876954 1 33222
04.2164 191 6345402 0 0
05.2164 35 1162770 0 0
06.2164 192 6378624 0 0
07.2164 112 3720864 0 0
08.2164 327 10863594 0 0
09.2164 176 5847072 0 0
10.2164 413 13720686 0 0
11.2164 219 7275618 0 0
12.2164 264 8770608 0 0
01.2165 121 4019862 0 0
02.2165 173 5747406 0 0
03.2165 292 9700824 0 0
04.2165 37 1229214 1 33222
05.2165 85 2823870 0 0
06.2165 436 14484792 0 0
07.2165 206 6843732 0 0
08.2165 186 6179292 0 0
09.2165 421 13986462 0 0
10.2165 166 5514852 0 0
11.2165 435 14451570 0 0
12.2165 241 8006502 0 0
01.2166 1 33222 0 0
02.2166 179 5946738 0 0
03.2166 385 12790470 0 0
04.2166 254 8438388 0 0
05.2166 234 7773948 0 0
06.2166 87 2890314 0 0
07.2166 366 12159252 0 0
08.2166 252 8371944 0 0
09.2166 54 1793988 0 0
10.2166 336 11162592 0 0
11.2166 6 199332 0 0
12.2166 378 12557916 0 0
01.2167 435 14451570 1 33222
02.2167 55 1827210 0 0
03.2167 146 4850412 0 0
04.2167 433 14385126 0 0
05.2167 205 6810510 0 0
06.2167 91 3023202 0 0
07.2167 117 3886974 1 33222
08.2167 419 13920018 0 0
09.2167 116 3853752 1 33222
10.2167 281 9335382 0 0
11.2167 128 4252416 0 0
12.2167 65 2159430 0 0
01.2168 153 5082966 0 0
02.2168 110 3654420 0 0
03.2168 66 2192652 0 0
04.2168 287 9534714 0 0
05.2168 165 5481630 0 0
06.2168 431 14318682 0 0
07.2168 192 6378624 0 0
08.2168 21 697662 0 0
09.2168 338 11229036 0 0
10.2168 345 11461590 0 0
11.2168 280 9302160 0 0
12.2168 32 1063104 0 0
01.2169 430 14285460 0 0
02.2169 76 2524872 0 0
03.2169 97 3222534 0 0
04.2169 101 3355422 0 0
05.2169 201 6677622 1 33222
06.2169 440 14617680 0 0
07.2169 219 7275618 0 0
08.2169 212 7043064 1 33222
09.2169 287 9534714 0 0
10.2169 434 14418348 0 0
11.2169 301 9999822 0 0
12.2169 235 7807170 0 0
01.2170 392 13023024 0 0
02.2170 332 11029704 0 0
03.2170 449 14916678 0 0
04.2170 253 8405166 1 33222
05.2170 237 7873614 0 0
06.2170 201 6677622 1 33222
07.2170 337 11195814 0 0
08.2170 149 4950078 0 0
09.2170 13 431886 1 33222
10.2170 118 3920196 0 0
11.2170 176 5847072 0 0
12.2170 420 13953240 1 33222
01.2171 435 14451570 0 0
02.2171 200 6644400 0 0
03.2171 306 10165932 0 0
04.2171 401 13322022 0 0
05.2171 426 14152572 1 33222
06.2171 170 5647740 0 0
07.2171 316 10498152 0 0
08.2171 272 9036384 0 0
09.2171 30 996660 0 0
10.2171 241 8006502 0 0
11.2171 264 8770608 0 0
12.2171 231 7674282 0 0
01.2172 367 12192474 0 0
02.2172 149 4950078 0 0
03.2172 149 4950078 0 0
04.2172 58 1926876 0 0
05.2172 162 5381964 0 0
06.2172 35 1162770 0 0
07.2172 433 14385126 0 0
08.2172 14 465108 0 0
09.2172 309 10265598 0 0
10.2172 137 4551414 0 0
11.2172 122 4053084 0 0
12.2172 263 8737386 0 0
01.2173 320 10631040 0 0
02.2173 400 13288800 0 0
03.2173 117 3886974 0 0
04.2173 19 631218 0 0
05.2173 10 332220 0 0
06.2173 144 4783968 0 0
07.2173 396 13155912 0 0
08.2173 360 11959920 0 0
09.2173 61 2026542 0 0
10.2173 142 4717524 1 33222
11.2173 165 5481630 0 0
12.2173 166 5514852 0 0
01.2174 182 6046404 0 0
02.2174 413 13720686 0 0
03.2174 313 10398486 0 0
04.2174 289 9601158 1 33222
05.2174 193 6411846 0 0
06.2174 390 12956580 0 0
07.2174 232 7707504 1 33222
08.2174 31 1029882 0 0
09.2174 267 8870274 0 0
10.2174 361 11993142 0 0
11.2174 48 1594656 0 0
12.2174 78 2591316 0 0
01.2175 158 5249076 0 0
02.2175 251 8338722 1 33222
03.2175 401 13322022 1 33222
04.2175 249 8272278 0 0
05.2175 318 10564596 0 0
06.2175 143 4750746 1 33222
07.2175 336 11162592 0 0
08.2175 160 5315520 0 0
09.2175 286 9501492 0 0
10.2175 341 11328702 0 0
11.2175 295 9800490 1 33222
12.2175 24 797328 0 0
01.2176 153 5082966 0 0
02.2176 366 12159252 0 0
03.2176 373 12391806 0 0
04.2176 308 10232376 1 33222
05.2176 131 4352082 0 0
06.2176 326 10830372 0 0
07.2176 209 6943398 0 0
08.2176 386 12823692 0 0
09.2176 343 11395146 0 0
10.2176 24 797328 0 0
11.2176 396 13155912 0 0
12.2176 187 6212514 0 0
01.2177 395 13122690 0 0
02.2177 225 7474950 1 33222
03.2177 407 13521354 0 0
04.2177 296 9833712 0 0
05.2177 349 11594478 0 0
06.2177 225 7474950 0 0
07.2177 10 332220 1 33222
08.2177 163 5415186 0 0
09.2177 348 11561256 0 0
10.2177 441 14650902 1 33222
11.2177 78 2591316 0 0
12.2177 431 14318682 0 0
01.2178 60 1993320 0 0
02.2178 364 12092808 0 0
03.2178 156 5182632 1 33222
04.2178 402 13355244 1 33222
05.2178 358 11893476 0 0
06.2178 76 2524872 0 0
07.2178 149 4950078 1 33222
08.2178 279 9268938 1 33222
09.2178 231 7674282 0 0
10.2178 342 11361924 0 0
11.2178 280 9302160 0 0
12.2178 341 11328702 0 0
01.2179 247 8205834 0 0
02.2179 57 1893654 0 0
03.2179 417 13853574 0 0
04.2179 357 11860254 0 0
05.2179 120 3986640 0 0
06.2179 158 5249076 0 0
07.2179 441 14650902 0 0
08.2179 256 8504832 0 0
09.2179 107 3554754 0 0
10.2179 105 3488310 0 0
11.2179 56 1860432 0 0
12.2179 296 9833712 1 33222
01.2180 380 12624360 0 0
02.2180 105 3488310 0 0
03.2180 322 10697484 0 0
04.2180 207 6876954 0 0
05.2180 245 8139390 0 0
06.2180 158 5249076 0 0
07.2180 354 11760588 0 0
08.2180 122 4053084 0 0
09.2180 186 6179292 0 0
10.2180 427 14185794 0 0
11.2180 39 1295658 0 0
12.2180 265 8803830 0 0
01.2181 171 5680962 0 0
02.2181 387 12856914 0 0
03.2181 105 3488310 0 0
04.2181 27 896994 0 0
05.2181 58 1926876 0 0
06.2181 248 8239056 0 0
07.2181 422 14019684 1 33222
08.2181 38 1262436 0 0
09.2181 224 7441728 0 0
10.2181 170 5647740 0 0
11.2181 24 797328 0 0
12.2181 201 6677622 0 0
01.2182 18 597996 0 0
02.2182 113 3754086 0 0
03.2182 182 6046404 0 0
04.2182 46 1528212 0 0
05.2182 45 1494990 0 0
06.2182 27 896994 0 0
07.2182 242 8039724 0 0
08.2182 368 12225696 0 0
09.2182 291 9667602 1 33222
10.2182 392 13023024 1 33222
11.2182 25 830550 0 0
12.2182 337 11195814 0 0
01.2183 224 7441728 0 0
02.2183 424 14086128 0 0
03.2183 8 265776 0 0
04.2183 187 6212514 1 33222
05.2183 158 5249076 0 0
06.2183 35 1162770 0 0
07.2183 55 1827210 0 0
08.2183 277 9202494 0 0
09.2183 321 10664262 0 0
10.2183 363 12059586 0 0
11.2183 371 12325362 0 0
12.2183 295 9800490 0 0
01.2184 12 398664 1 33222
02.2184 188 6245736 0 0
03.2184 173 5747406 0 0
04.2184 329 10930038 0 0
05.2184 347 11528034 0 0
06.2184 355 11793810 0 0
07.2184 370 12292140 0 0
08.2184 396 13155912 1 33222
09.2184 433 14385126 1 33222
10.2184 228 7574616 0 0
11.2184 280 9302160 0 0
12.2184 168 5581296 1 33222
01.2185 312 10365264 0 0
02.2185 99 3288978 0 0
03.2185 314 10431708 0 0
04.2185 395 13122690 0 0
05.2185 140 4651080 0 0
06.2185 39 1295658 0 0
07.2185 185 6146070 0 0
08.2185 433 14385126 0 0
09.2185 146 4850412 0 0
10.2185 61 2026542 1 33222
11.2185 54 1793988 0 0
12.2185 437 14518014 0 0
01.2186 315 10464930 0 0
02.2186 277 9202494 0 0
03.2186 31 1029882 0 0
04.2186 209 6943398 0 0
05.2186 9 298998 0 0
06.2186 396 13155912 0 0
07.2186 133 4418526 0 0
08.2186 272 9036384 0 0
09.2186 243 8072946 0 0
10.2186 375 12458250 0 0
11.2186 206 6843732 0 0
12.2186 263 8737386 0 0
01.2187 132 4385304 0 0
02.2187 176 5847072 0 0
03.2187 174 5780628 0 0
04.2187 285 9468270 0 0
05.2187 229 7607838 0 0
06.2187 171 5680962 0 0
07.2187 4 132888 0 0
08.2187 252 8371944 0 0
09.2187 235 7807170 0 0
10.2187 396 13155912 0 0
11.2187 439 14584458 0 0
12.2187 139 4617858 0 0
01.2188 367 12192474 0 0
02.2188 339 11262258 0 0
03.2188 272 9036384 0 0
04.2188 389 12923358 0 0
05.2188 359 11926698 0 0
06.2188 222 7375284 0 0
07.2188 290 9634380 0 0
08.2188 254 8438388 0 0
09.2188 433 14385126 0 0
10.2188 258 8571276 0 0
11.2188 158 5249076 0 0
12.2188 158 5249076 0 0
01.2189 110 3654420 0 0
02.2189 41 1362102 0 0
03.2189 162 5381964 0 0
04.2189 363 12059586 0 0
05.2189 369 12258918 0 0
06.2189 307 10199154 0 0
07.2189 122 4053084 0 0
08.2189 239 7940058 0 0
09.2189 67 2225874 0 0
10.2189 140 4651080 0 0
11.2189 432 14351904 0 0
12.2189 363 12059586 0 0
01.2190 9 298998 0 0
02.2190 129 4285638 0 0
03.2190 278 9235716 0 0
04.2190 402 13355244 0 0
05.2190 397 13189134 1 33222
06.2190 49 1627878 0 0
07.2190 60 1993320 0 0
08.2190 402 13355244 0 0
09.2190 47 1561434 1 33222
10.2190 99 3288978 0 0
11.2190 333 11062926 0 0
12.2190 298 9900156 0 0
01.2191 128 4252416 1 33222
02.2191 418 13886796 0 0
03.2191 70 2325540 0 0
04.2191 302 10033044 0 0
05.2191 233 7740726 0 0
06.2191 393 13056246 0 0
07.2191 254 8438388 0 0
08.2191 272 9036384 0 0
09.2191 157 5215854 0 0
10.2191 31 1029882 0 0
11.2191 148 4916856 0 0
12.2191 272 9036384 1 33222
01.2192 372 12358584 0 0
02.2192 362 12026364 0 0
03.2192 205 6810510 0 0
04.2192 171 5680962 0 0
05.2192 431 14318682 0 0
06.2192 108 3587976 0 0
07.2192 340 11295480 0 0
08.2192 238 7906836 0 0
09.2192 417 13853574 0 0
10.2192 39 1295658 1 33222
11.2192 193 6411846 0 0
12.2192 100 3322200 0 0
01.2193 287 9534714 0 0
02.2193 271 9003162 0 0
03.2193 57 1893654 0 0
04.2193 194 6445068 0 0
05.2193 441 14650902 0 0
06.2193 183 6079626 0 0
07.2193 316 10498152 0 0
08.2193 84 2790648 0 0
09.2193 166 5514852 0 0
10.2193 193 6411846 0 0
11.2193 317 10531374 1 33222
12.2193 311 10332042 0 0
01.2194 45 1494990 0 0
02.2194 324 10763928 0 0
03.2194 407 13521354 0 0
04.2194 9 298998 0 0
05.2194 194 6445068 0 0
06.2194 7 232554 0 0
07.2194 114 3787308 0 0
08.2194 6 199332 0 0
09.2194 243 8072946 1 33222
10.2194 92 3056424 0 0
11.2194 176 5847072 0 0
12.2194 420 13953240 0 0
01.2195 157 5215854 0 0
02.2195 307 10199154 0 0
03.2195 317 10531374 0 0
04.2195 121 4019862 0 0
05.2195 63 2092986 0 0
06.2195 429 14252238 0 0
07.2195 114 3787308 0 0
08.2195 76 2524872 0 0
09.2195 153 5082966 0 0
10.2195 346 11494812 0 0
11.2195 235 7807170 0 0
12.2195 256 8504832 1 33222
01.2196 174 5780628 1 33222
02.2196 323 10730706 0 0
03.2196 279 9268938 0 0
04.2196 148 4916856 0 0
05.2196 269 8936718 0 0
06.2196 205 6810510 1 33222
07.2196 92 3056424 0 0
08.2196 57 1893654 0 0
09.2196 64 2126208 1 33222
10.2196 407 13521354 0 0
11.2196 223 7408506 0 0
12.2196 2 66444 0 0
01.2197 397 13189134 0 0
02.2197 381 12657582 0 0
03.2197 316 10498152 1 33222
04.2197 365 12126030 0 0
05.2197 190 6312180 0 0
