880200 2120654080 0 0
1957
09.2021 0 0 0 0
10.2021 450 45000000 0 0
11.2021 450 45000000 0 0
12.2021 450 45000000 0 0
01.2022 450 45000000 0 0
02.2022 450 45000000 0 0
03.2022 450 45000000 0 0
04.2022 450 45000000 0 0
05.2022 450 45000000 0 0
06.2022 450 45000000 0 0
07.2022 450 45000000 0 0
08.2022 450 45000000 0 0
09.2022 450 45000000 0 0
10.2022 450 45000000 0 0
11.2022 450 45000000 0 0
12.2022 450 45000000 0 0
01.2023 450 45000000 0 0
02.2023 450 45000000 0 0
03.2023 450 45000000 0 0
04.2023 450 45000000 0 0
05.2023 450 45000000 0 0
06.2023 450 45000000 0 0
07.2023 450 45000000 0 0
08.2023 450 45000000 0 0
09.2023 450 45000000 0 0
10.2023 450 45000000 0 0
11.2023 450 45000000 0 0
12.2023 450 45000000 0 0
01.2024 450 45000000 0 0
02.2024 450 45000000 0 0
03.2024 450 45000000 0 0
04.2024 450 45000000 0 0
05.2024 450 45000000 0 0
06.2024 450 45000000 0 0
07.2024 450 45000000 0 0
08.2024 450 45000000 0 0
09.2024 450 45000000 0 0
10.2024 450 45000000 0 0
11.2024 450 45000000 0 0
12.2024 450 45000000 0 0
01.2025 450 45000000 0 0
02.2025 450 45000000 0 0
03.2025 450 45000000 0 0
04.2025 450 45000000 0 0
05.2025 450 45000000 0 0
06.2025 450 45000000 0 0
07.2025 450 45000000 0 0
08.2025 450 45000000 0 0
09.2025 450 45000000 0 0
10.2025 450 45000000 0 0
11.2025 450 45000000 0 0
12.2025 450 45000000 0 0
01.2026 450 45000000 0 0
02.2026 450 45000000 0 0
03.2026 450 45000000 0 0
04.2026 450 45000000 0 0
05.2026 450 45000000 0 0
06.2026 450 45000000 0 0
07.2026 450 45000000 0 0
08.2026 450 45000000 0 0
09.2026 450 45000000 0 0
10.2026 450 45000000 0 0
11.2026 450 45000000 0 0
12.2026 450 45000000 0 0
01.2027 450 45000000 0 0
02.2027 450 45000000 0 0
03.2027 450 45000000 0 0
04.2027 450 45000000 0 0
05.2027 450 45000000 0 0
06.2027 450 45000000 0 0
07.2027 450 45000000 0 0
08.2027 450 45000000 0 0
09.2027 450 45000000 0 0
10.2027 450 45000000 0 0
11.2027 450 45000000 0 0
12.2027 450 45000000 0 0
01.2028 450 45000000 0 0
02.2028 450 45000000 0 0
03.2028 450 45000000 0 0
04.2028 450 45000000 0 0
05.2028 450 45000000 0 0
06.2028 450 45000000 0 0
07.2028 450 45000000 0 0
08.2028 450 45000000 0 0
09.2028 450 45000000 0 0
10.2028 450 45000000 0 0
11.2028 450 45000000 0 0
12.2028 450 45000000 0 0
01.2029 450 45000000 0 0
02.2029 450 45000000 0 0
03.2029 450 45000000 0 0
04.2029 450 45000000 0 0
05.2029 450 45000000 0 0
06.2029 450 45000000 0 0
07.2029 450 45000000 0 0
08.2029 450 45000000 0 0
09.2029 450 45000000 0 0
10.2029 450 45000000 0 0
11.2029 450 45000000 0 0
12.2029 450 45000000 0 0
01.2030 450 45000000 0 0
02.2030 450 45000000 0 0
03.2030 450 45000000 0 0
04.2030 450 45000000 0 0
05.2030 450 45000000 0 0
06.2030 450 45000000 0 0
07.2030 450 45000000 0 0
08.2030 450 45000000 0 0
09.2030 450 45000000 0 0
10.2030 450 45000000 0 0
11.2030 450 45000000 0 0
12.2030 450 45000000 0 0
01.2031 450 45000000 0 0
02.2031 450 45000000 0 0
03.2031 450 45000000 0 0
04.2031 450 45000000 0 0
05.2031 450 45000000 0 0
06.2031 450 45000000 0 0
07.2031 450 45000000 0 0
08.2031 450 45000000 0 0
09.2031 450 45000000 0 0
10.2031 450 45000000 0 0
11.2031 450 45000000 0 0
12.2031 450 45000000 0 0
01.2032 450 45000000 0 0
02.2032 450 45000000 0 0
03.2032 450 45000000 0 0
04.2032 450 45000000 0 0
05.2032 450 45000000 0 0
06.2032 450 45000000 0 0
07.2032 450 45000000 0 0
08.2032 450 45000000 0 0
09.2032 450 45000000 0 0
10.2032 450 45000000 0 0
11.2032 450 45000000 0 0
12.2032 450 45000000 0 0
01.2033 450 45000000 0 0
02.2033 450 45000000 0 0
03.2033 450 45000000 0 0
04.2033 450 45000000 0 0
05.2033 450 45000000 0 0
06.2033 450 45000000 0 0
07.2033 450 45000000 0 0
08.2033 450 45000000 0 0
09.2033 450 45000000 0 0
10.2033 450 45000000 0 0
11.2033 450 45000000 0 0
12.2033 450 45000000 0 0
01.2034 450 45000000 0 0
02.2034 450 45000000 0 0
03.2034 450 45000000 0 0
04.2034 450 45000000 0 0
05.2034 450 45000000 0 0
06.2034 450 45000000 0 0
07.2034 450 45000000 0 0
08.2034 450 45000000 0 0
09.2034 450 45000000 0 0
10.2034 450 45000000 0 0
11.2034 450 45000000 0 0
12.2034 450 45000000 0 0
01.2035 450 45000000 0 0
02.2035 450 45000000 0 0
03.2035 450 45000000 0 0
04.2035 450 45000000 0 0
05.2035 450 45000000 0 0
06.2035 450 45000000 0 0
07.2035 450 45000000 0 0
08.2035 450 45000000 0 0
09.2035 450 45000000 0 0
10.2035 450 45000000 0 0
11.2035 450 45000000 0 0
12.2035 450 45000000 0 0
01.2036 450 45000000 0 0
02.2036 450 45000000 0 0
03.2036 450 45000000 0 0
04.2036 450 45000000 0 0
05.2036 450 45000000 0 0
06.2036 450 45000000 0 0
07.2036 450 45000000 0 0
08.2036 450 45000000 0 0
09.2036 450 45000000 0 0
10.2036 450 45000000 0 0
11.2036 450 45000000 0 0
12.2036 450 45000000 0 0
01.2037 450 45000000 0 0
02.2037 450 45000000 0 0
03.2037 450 45000000 0 0
04.2037 450 45000000 0 0
05.2037 450 45000000 0 0
06.2037 450 45000000 0 0
07.2037 450 45000000 0 0
08.2037 450 45000000 0 0
09.2037 450 45000000 0 0
10.2037 450 45000000 0 0
11.2037 450 45000000 0 0
12.2037 450 45000000 0 0
01.2038 450 45000000 0 0
02.2038 450 45000000 0 0
03.2038 450 45000000 0 0
04.2038 450 45000000 0 0
05.2038 450 45000000 0 0
06.2038 450 45000000 0 0
07.2038 450 45000000 0 0
08.2038 450 45000000 0 0
09.2038 450 45000000 0 0
10.2038 450 45000000 0 0
11.2038 450 45000000 0 0
12.2038 450 45000000 0 0
01.2039 450 45000000 0 0
02.2039 450 45000000 0 0
03.2039 450 45000000 0 0
04.2039 450 45000000 0 0
05.2039 450 45000000 0 0
06.2039 450 45000000 0 0
07.2039 450 45000000 0 0
08.2039 450 45000000 0 0
09.2039 450 45000000 0 0
10.2039 450 45000000 0 0
11.2039 450 45000000 0 0
12.2039 450 45000000 0 0
01.2040 450 45000000 0 0
02.2040 450 45000000 0 0
03.2040 450 45000000 0 0
04.2040 450 45000000 0 0
05.2040 450 45000000 0 0
06.2040 450 45000000 0 0
07.2040 450 45000000 0 0
08.2040 450 45000000 0 0
09.2040 450 45000000 0 0
10.2040 450 45000000 0 0
11.2040 450 45000000 0 0
12.2040 450 45000000 0 0
01.2041 450 45000000 0 0
02.2041 450 45000000 0 0
03.2041 450 45000000 0 0
04.2041 450 45000000 0 0
05.2041 450 45000000 0 0
06.2041 450 45000000 0 0
07.2041 450 45000000 0 0
08.2041 450 45000000 0 0
09.2041 450 45000000 0 0
10.2041 450 45000000 0 0
11.2041 450 45000000 0 0
12.2041 450 45000000 0 0
01.2042 450 45000000 0 0
02.2042 450 45000000 0 0
03.2042 450 45000000 0 0
04.2042 450 45000000 0 0
05.2042 450 45000000 0 0
06.2042 450 45000000 0 0
07.2042 450 45000000 0 0
08.2042 450 45000000 0 0
09.2042 450 45000000 0 0
10.2042 450 45000000 0 0
11.2042 450 45000000 0 0
12.2042 450 45000000 0 0
01.2043 450 45000000 0 0
02.2043 450 45000000 0 0
03.2043 450 45000000 0 0
04.2043 450 45000000 0 0
05.2043 450 45000000 0 0
06.2043 450 45000000 0 0
07.2043 450 45000000 0 0
08.2043 450 45000000 0 0
09.2043 450 45000000 0 0
10.2043 450 45000000 0 0
11.2043 450 45000000 0 0
12.2043 450 45000000 0 0
01.2044 450 45000000 0 0
02.2044 450 45000000 0 0
03.2044 450 45000000 0 0
04.2044 450 45000000 0 0
05.2044 450 45000000 0 0
06.2044 450 45000000 0 0
07.2044 450 45000000 0 0
08.2044 450 45000000 0 0
09.2044 450 45000000 0 0
10.2044 450 45000000 0 0
11.2044 450 45000000 0 0
12.2044 450 45000000 0 0
01.2045 450 45000000 0 0
02.2045 450 45000000 0 0
03.2045 450 45000000 0 0
04.2045 450 45000000 0 0
05.2045 450 45000000 0 0
06.2045 450 45000000 0 0
07.2045 450 45000000 0 0
08.2045 450 45000000 0 0
09.2045 450 45000000 0 0
10.2045 450 45000000 0 0
11.2045 450 45000000 0 0
12.2045 450 45000000 0 0
01.2046 450 45000000 0 0
02.2046 450 45000000 0 0
03.2046 450 45000000 0 0
04.2046 450 45000000 0 0
05.2046 450 45000000 0 0
06.2046 450 45000000 0 0
07.2046 450 45000000 0 0
08.2046 450 45000000 0 0
09.2046 450 45000000 0 0
10.2046 450 45000000 0 0
11.2046 450 45000000 0 0
12.2046 450 45000000 0 0
01.2047 450 45000000 0 0
02.2047 450 45000000 0 0
03.2047 450 45000000 0 0
04.2047 450 45000000 0 0
05.2047 450 45000000 0 0
06.2047 450 45000000 0 0
07.2047 450 45000000 0 0
08.2047 450 45000000 0 0
09.2047 450 45000000 0 0
10.2047 450 45000000 0 0
11.2047 450 45000000 0 0
12.2047 450 45000000 0 0
01.2048 450 45000000 0 0
02.2048 450 45000000 0 0
03.2048 450 45000000 0 0
04.2048 450 45000000 0 0
05.2048 450 45000000 0 0
06.2048 450 45000000 0 0
07.2048 450 45000000 0 0
08.2048 450 45000000 0 0
09.2048 450 45000000 0 0
10.2048 450 45000000 0 0
11.2048 450 45000000 0 0
12.2048 450 45000000 0 0
01.2049 450 45000000 0 0
02.2049 450 45000000 0 0
03.2049 450 45000000 0 0
04.2049 450 45000000 0 0
05.2049 450 45000000 0 0
06.2049 450 45000000 0 0
07.2049 450 45000000 0 0
08.2049 450 45000000 0 0
09.2049 450 45000000 0 0
10.2049 450 45000000 0 0
11.2049 450 45000000 0 0
12.2049 450 45000000 0 0
01.2050 450 45000000 0 0
02.2050 450 45000000 0 0
03.2050 450 45000000 0 0
04.2050 450 45000000 0 0
05.2050 450 45000000 0 0
06.2050 450 45000000 0 0
07.2050 450 45000000 0 0
08.2050 450 45000000 0 0
09.2050 450 45000000 0 0
10.2050 450 45000000 0 0
11.2050 450 45000000 0 0
12.2050 450 45000000 0 0
01.2051 450 45000000 0 0
02.2051 450 45000000 0 0
03.2051 450 45000000 0 0
04.2051 450 45000000 0 0
05.2051 450 45000000 0 0
06.2051 450 45000000 0 0
07.2051 450 45000000 0 0
08.2051 450 45000000 0 0
09.2051 450 45000000 0 0
10.2051 450 45000000 0 0
11.2051 450 45000000 0 0
12.2051 450 45000000 0 0
01.2052 450 45000000 0 0
02.2052 450 45000000 0 0
03.2052 450 45000000 0 0
04.2052 450 45000000 0 0
05.2052 450 45000000 0 0
06.2052 450 45000000 0 0
07.2052 450 45000000 0 0
08.2052 450 45000000 0 0
09.2052 450 45000000 0 0
10.2052 450 45000000 0 0
11.2052 450 45000000 0 0
12.2052 450 45000000 0 0
01.2053 450 45000000 0 0
02.2053 450 45000000 0 0
03.2053 450 45000000 0 0
04.2053 450 45000000 0 0
05.2053 450 45000000 0 0
06.2053 450 45000000 0 0
07.2053 450 45000000 0 0
08.2053 450 45000000 0 0
09.2053 450 45000000 0 0
10.2053 450 45000000 0 0
11.2053 450 45000000 0 0
12.2053 450 45000000 0 0
01.2054 450 45000000 0 0
02.2054 450 45000000 0 0
03.2054 450 45000000 0 0
04.2054 450 45000000 0 0
05.2054 450 45000000 0 0
06.2054 450 45000000 0 0
07.2054 450 45000000 0 0
08.2054 450 45000000 0 0
09.2054 450 45000000 0 0
10.2054 450 45000000 0 0
11.2054 450 45000000 0 0
12.2054 450 45000000 0 0
01.2055 450 45000000 0 0
02.2055 450 45000000 0 0
03.2055 450 45000000 0 0
04.2055 450 45000000 0 0
05.2055 450 45000000 0 0
06.2055 450 45000000 0 0
07.2055 450 45000000 0 0
08.2055 450 45000000 0 0
09.2055 450 45000000 0 0
10.2055 450 45000000 0 0
11.2055 450 45000000 0 0
12.2055 450 45000000 0 0
01.2056 450 45000000 0 0
02.2056 450 45000000 0 0
03.2056 450 45000000 0 0
04.2056 450 45000000 0 0
05.2056 450 45000000 0 0
06.2056 450 45000000 0 0
07.2056 450 45000000 0 0
08.2056 450 45000000 0 0
09.2056 450 45000000 0 0
10.2056 450 45000000 0 0
11.2056 450 45000000 0 0
12.2056 450 45000000 0 0
01.2057 450 45000000 0 0
02.2057 450 45000000 0 0
03.2057 450 45000000 0 0
04.2057 450 45000000 0 0
05.2057 450 45000000 0 0
06.2057 450 45000000 0 0
07.2057 450 45000000 0 0
08.2057 450 45000000 0 0
09.2057 450 45000000 0 0
10.2057 450 45000000 0 0
11.2057 450 45000000 0 0
12.2057 450 45000000 0 0
01.2058 450 45000000 0 0
02.2058 450 45000000 0 0
03.2058 450 45000000 0 0
04.2058 450 45000000 0 0
05.2058 450 45000000 0 0
06.2058 450 45000000 0 0
07.2058 450 45000000 0 0
08.2058 450 45000000 0 0
09.2058 450 45000000 0 0
10.2058 450 45000000 0 0
11.2058 450 45000000 0 0
12.2058 450 45000000 0 0
01.2059 450 45000000 0 0
02.2059 450 45000000 0 0
03.2059 450 45000000 0 0
04.2059 450 45000000 0 0
05.2059 450 45000000 0 0
06.2059 450 45000000 0 0
07.2059 450 45000000 0 0
08.2059 450 45000000 0 0
09.2059 450 45000000 0 0
10.2059 450 45000000 0 0
11.2059 450 45000000 0 0
12.2059 450 45000000 0 0
01.2060 450 45000000 0 0
02.2060 450 45000000 0 0
03.2060 450 45000000 0 0
04.2060 450 45000000 0 0
05.2060 450 45000000 0 0
06.2060 450 45000000 0 0
07.2060 450 45000000 0 0
08.2060 450 45000000 0 0
09.2060 450 45000000 0 0
10.2060 450 45000000 0 0
11.2060 450 45000000 0 0
12.2060 450 45000000 0 0
01.2061 450 45000000 0 0
02.2061 450 45000000 0 0
03.2061 450 45000000 0 0
04.2061 450 45000000 0 0
05.2061 450 45000000 0 0
06.2061 450 45000000 0 0
07.2061 450 45000000 0 0
08.2061 450 45000000 0 0
09.2061 450 45000000 0 0
10.2061 450 45000000 0 0
11.2061 450 45000000 0 0
12.2061 450 45000000 0 0
01.2062 450 45000000 0 0
02.2062 450 45000000 0 0
03.2062 450 45000000 0 0
04.2062 450 45000000 0 0
05.2062 450 45000000 0 0
06.2062 450 45000000 0 0
07.2062 450 45000000 0 0
08.2062 450 45000000 0 0
09.2062 450 45000000 0 0
10.2062 450 45000000 0 0
11.2062 450 45000000 0 0
12.2062 450 45000000 0 0
01.2063 450 45000000 0 0
02.2063 450 45000000 0 0
03.2063 450 45000000 0 0
04.2063 450 45000000 0 0
05.2063 450 45000000 0 0
06.2063 450 45000000 0 0
07.2063 450 45000000 0 0
08.2063 450 45000000 0 0
09.2063 450 45000000 0 0
10.2063 450 45000000 0 0
11.2063 450 45000000 0 0
12.2063 450 45000000 0 0
01.2064 450 45000000 0 0
02.2064 450 45000000 0 0
03.2064 450 45000000 0 0
04.2064 450 45000000 0 0
05.2064 450 45000000 0 0
06.2064 450 45000000 0 0
07.2064 450 45000000 0 0
08.2064 450 45000000 0 0
09.2064 450 45000000 0 0
10.2064 450 45000000 0 0
11.2064 450 45000000 0 0
12.2064 450 45000000 0 0
01.2065 450 45000000 0 0
02.2065 450 45000000 0 0
03.2065 450 45000000 0 0
04.2065 450 45000000 0 0
05.2065 450 45000000 0 0
06.2065 450 45000000 0 0
07.2065 450 45000000 0 0
08.2065 450 45000000 0 0
09.2065 450 45000000 0 0
10.2065 450 45000000 0 0
11.2065 450 45000000 0 0
12.2065 450 45000000 0 0
01.2066 450 45000000 0 0
02.2066 450 45000000 0 0
03.2066 450 45000000 0 0
04.2066 450 45000000 0 0
05.2066 450 45000000 0 0
06.2066 450 45000000 0 0
07.2066 450 45000000 0 0
08.2066 450 45000000 0 0
09.2066 450 45000000 0 0
10.2066 450 45000000 0 0
11.2066 450 45000000 0 0
12.2066 450 45000000 0 0
01.2067 450 45000000 0 0
02.2067 450 45000000 0 0
03.2067 450 45000000 0 0
04.2067 450 45000000 0 0
05.2067 450 45000000 0 0
06.2067 450 45000000 0 0
07.2067 450 45000000 0 0
08.2067 450 45000000 0 0
09.2067 450 45000000 0 0
10.2067 450 45000000 0 0
11.2067 450 45000000 0 0
12.2067 450 45000000 0 0
01.2068 450 45000000 0 0
02.2068 450 45000000 0 0
03.2068 450 45000000 0 0
04.2068 450 45000000 0 0
05.2068 450 45000000 0 0
06.2068 450 45000000 0 0
07.2068 450 45000000 0 0
08.2068 450 45000000 0 0
09.2068 450 45000000 0 0
10.2068 450 45000000 0 0
11.2068 450 45000000 0 0
12.2068 450 45000000 0 0
01.2069 450 45000000 0 0
02.2069 450 45000000 0 0
03.2069 450 45000000 0 0
04.2069 450 45000000 0 0
05.2069 450 45000000 0 0
06.2069 450 45000000 0 0
07.2069 450 45000000 0 0
08.2069 450 45000000 0 0
09.2069 450 45000000 0 0
10.2069 450 45000000 0 0
11.2069 450 45000000 0 0
12.2069 450 45000000 0 0
01.2070 450 45000000 0 0
02.2070 450 45000000 0 0
03.2070 450 45000000 0 0
04.2070 450 45000000 0 0
05.2070 450 45000000 0 0
06.2070 450 45000000 0 0
07.2070 450 45000000 0 0
08.2070 450 45000000 0 0
09.2070 450 45000000 0 0
10.2070 450 45000000 0 0
11.2070 450 45000000 0 0
12.2070 450 45000000 0 0
01.2071 450 45000000 0 0
02.2071 450 45000000 0 0
03.2071 450 45000000 0 0
04.2071 450 45000000 0 0
05.2071 450 45000000 0 0
06.2071 450 45000000 0 0
07.2071 450 45000000 0 0
08.2071 450 45000000 0 0
09.2071 450 45000000 0 0
10.2071 450 45000000 0 0
11.2071 450 45000000 0 0
12.2071 450 45000000 0 0
01.2072 450 45000000 0 0
02.2072 450 45000000 0 0
03.2072 450 45000000 0 0
04.2072 450 45000000 0 0
05.2072 450 45000000 0 0
06.2072 450 45000000 0 0
07.2072 450 45000000 0 0
08.2072 450 45000000 0 0
09.2072 450 45000000 0 0
10.2072 450 45000000 0 0
11.2072 450 45000000 0 0
12.2072 450 45000000 0 0
01.2073 450 45000000 0 0
02.2073 450 45000000 0 0
03.2073 450 45000000 0 0
04.2073 450 45000000 0 0
05.2073 450 45000000 0 0
06.2073 450 45000000 0 0
07.2073 450 45000000 0 0
08.2073 450 45000000 0 0
09.2073 450 45000000 0 0
10.2073 450 45000000 0 0
11.2073 450 45000000 0 0
12.2073 450 45000000 0 0
01.2074 450 45000000 0 0
02.2074 450 45000000 0 0
03.2074 450 45000000 0 0
04.2074 450 45000000 0 0
05.2074 450 45000000 0 0
06.2074 450 45000000 0 0
07.2074 450 45000000 0 0
08.2074 450 45000000 0 0
09.2074 450 45000000 0 0
10.2074 450 45000000 0 0
11.2074 450 45000000 0 0
12.2074 450 45000000 0 0
01.2075 450 45000000 0 0
02.2075 450 45000000 0 0
03.2075 450 45000000 0 0
04.2075 450 45000000 0 0
05.2075 450 45000000 0 0
06.2075 450 45000000 0 0
07.2075 450 45000000 0 0
08.2075 450 45000000 0 0
09.2075 450 45000000 0 0
10.2075 450 45000000 0 0
11.2075 450 45000000 0 0
12.2075 450 45000000 0 0
01.2076 450 45000000 0 0
02.2076 450 45000000 0 0
03.2076 450 45000000 0 0
04.2076 450 45000000 0 0
05.2076 450 45000000 0 0
06.2076 450 45000000 0 0
07.2076 450 45000000 0 0
08.2076 450 45000000 0 0
09.2076 450 45000000 0 0
10.2076 450 45000000 0 0
11.2076 450 45000000 0 0
12.2076 450 45000000 0 0
01.2077 450 45000000 0 0
02.2077 450 45000000 0 0
03.2077 450 45000000 0 0
04.2077 450 45000000 0 0
05.2077 450 45000000 0 0
06.2077 450 45000000 0 0
07.2077 450 45000000 0 0
08.2077 450 45000000 0 0
09.2077 450 45000000 0 0
10.2077 450 45000000 0 0
11.2077 450 45000000 0 0
12.2077 450 45000000 0 0
01.2078 450 45000000 0 0
02.2078 450 45000000 0 0
03.2078 450 45000000 0 0
04.2078 450 45000000 0 0
05.2078 450 45000000 0 0
06.2078 450 45000000 0 0
07.2078 450 45000000 0 0
08.2078 450 45000000 0 0
09.2078 450 45000000 0 0
10.2078 450 45000000 0 0
11.2078 450 45000000 0 0
12.2078 450 45000000 0 0
01.2079 450 45000000 0 0
02.2079 450 45000000 0 0
03.2079 450 45000000 0 0
04.2079 450 45000000 0 0
05.2079 450 45000000 0 0
06.2079 450 45000000 0 0
07.2079 450 45000000 0 0
08.2079 450 45000000 0 0
09.2079 450 45000000 0 0
10.2079 450 45000000 0 0
11.2079 450 45000000 0 0
12.2079 450 45000000 0 0
01.2080 450 45000000 0 0
02.2080 450 45000000 0 0
03.2080 450 45000000 0 0
04.2080 450 45000000 0 0
05.2080 450 45000000 0 0
06.2080 450 45000000 0 0
07.2080 450 45000000 0 0
08.2080 450 45000000 0 0
09.2080 450 45000000 0 0
10.2080 450 45000000 0 0
11.2080 450 45000000 0 0
12.2080 450 45000000 0 0
01.2081 450 45000000 0 0
02.2081 450 45000000 0 0
03.2081 450 45000000 0 0
04.2081 450 45000000 0 0
05.2081 450 45000000 0 0
06.2081 450 45000000 0 0
07.2081 450 45000000 0 0
08.2081 450 45000000 0 0
09.2081 450 45000000 0 0
10.2081 450 45000000 0 0
11.2081 450 45000000 0 0
12.2081 450 45000000 0 0
01.2082 450 45000000 0 0
02.2082 450 45000000 0 0
03.2082 450 45000000 0 0
04.2082 450 45000000 0 0
05.2082 450 45000000 0 0
06.2082 450 45000000 0 0
07.2082 450 45000000 0 0
08.2082 450 45000000 0 0
09.2082 450 45000000 0 0
10.2082 450 45000000 0 0
11.2082 450 45000000 0 0
12.2082 450 45000000 0 0
01.2083 450 45000000 0 0
02.2083 450 45000000 0 0
03.2083 450 45000000 0 0
04.2083 450 45000000 0 0
05.2083 450 45000000 0 0
06.2083 450 45000000 0 0
07.2083 450 45000000 0 0
08.2083 450 45000000 0 0
09.2083 450 45000000 0 0
10.2083 450 45000000 0 0
11.2083 450 45000000 0 0
12.2083 450 45000000 0 0
01.2084 450 45000000 0 0
02.2084 450 45000000 0 0
03.2084 450 45000000 0 0
04.2084 450 45000000 0 0
05.2084 450 45000000 0 0
06.2084 450 45000000 0 0
07.2084 450 45000000 0 0
08.2084 450 45000000 0 0
09.2084 450 45000000 0 0
10.2084 450 45000000 0 0
11.2084 450 45000000 0 0
12.2084 450 45000000 0 0
01.2085 450 45000000 0 0
02.2085 450 45000000 0 0
03.2085 450 45000000 0 0
04.2085 450 45000000 0 0
05.2085 450 45000000 0 0
06.2085 450 45000000 0 0
07.2085 450 45000000 0 0
08.2085 450 45000000 0 0
09.2085 450 45000000 0 0
10.2085 450 45000000 0 0
11.2085 450 45000000 0 0
12.2085 450 45000000 0 0
01.2086 450 45000000 0 0
02.2086 450 45000000 0 0
03.2086 450 45000000 0 0
04.2086 450 45000000 0 0
05.2086 450 45000000 0 0
06.2086 450 45000000 0 0
07.2086 450 45000000 0 0
08.2086 450 45000000 0 0
09.2086 450 45000000 0 0
10.2086 450 45000000 0 0
11.2086 450 45000000 0 0
12.2086 450 45000000 0 0
01.2087 450 45000000 0 0
02.2087 450 45000000 0 0
03.2087 450 45000000 0 0
04.2087 450 45000000 0 0
05.2087 450 45000000 0 0
06.2087 450 45000000 0 0
07.2087 450 45000000 0 0
08.2087 450 45000000 0 0
09.2087 450 45000000 0 0
10.2087 450 45000000 0 0
11.2087 450 45000000 0 0
12.2087 450 45000000 0 0
01.2088 450 45000000 0 0
02.2088 450 45000000 0 0
03.2088 450 45000000 0 0
04.2088 450 45000000 0 0
05.2088 450 45000000 0 0
06.2088 450 45000000 0 0
07.2088 450 45000000 0 0
08.2088 450 45000000 0 0
09.2088 450 45000000 0 0
10.2088 450 45000000 0 0
11.2088 450 45000000 0 0
12.2088 450 45000000 0 0
01.2089 450 45000000 0 0
02.2089 450 45000000 0 0
03.2089 450 45000000 0 0
04.2089 450 45000000 0 0
05.2089 450 45000000 0 0
06.2089 450 45000000 0 0
07.2089 450 45000000 0 0
08.2089 450 45000000 0 0
09.2089 450 45000000 0 0
10.2089 450 45000000 0 0
11.2089 450 45000000 0 0
12.2089 450 45000000 0 0
01.2090 450 45000000 0 0
02.2090 450 45000000 0 0
03.2090 450 45000000 0 0
04.2090 450 45000000 0 0
05.2090 450 45000000 0 0
06.2090 450 45000000 0 0
07.2090 450 45000000 0 0
08.2090 450 45000000 0 0
09.2090 450 45000000 0 0
10.2090 450 45000000 0 0
11.2090 450 45000000 0 0
12.2090 450 45000000 0 0
01.2091 450 45000000 0 0
02.2091 450 45000000 0 0
03.2091 450 45000000 0 0
04.2091 450 45000000 0 0
05.2091 450 45000000 0 0
06.2091 450 45000000 0 0
07.2091 450 45000000 0 0
08.2091 450 45000000 0 0
09.2091 450 45000000 0 0
10.2091 450 45000000 0 0
11.2091 450 45000000 0 0
12.2091 450 45000000 0 0
01.2092 450 45000000 0 0
02.2092 450 45000000 0 0
03.2092 450 45000000 0 0
04.2092 450 45000000 0 0
05.2092 450 45000000 0 0
06.2092 450 45000000 0 0
07.2092 450 45000000 0 0
08.2092 450 45000000 0 0
09.2092 450 45000000 0 0
10.2092 450 45000000 0 0
11.2092 450 45000000 0 0
12.2092 450 45000000 0 0
01.2093 450 45000000 0 0
02.2093 450 45000000 0 0
03.2093 450 45000000 0 0
04.2093 450 45000000 0 0
05.2093 450 45000000 0 0
06.2093 450 45000000 0 0
07.2093 450 45000000 0 0
08.2093 450 45000000 0 0
09.2093 450 45000000 0 0
10.2093 450 45000000 0 0
11.2093 450 45000000 0 0
12.2093 450 45000000 0 0
01.2094 450 45000000 0 0
02.2094 450 45000000 0 0
03.2094 450 45000000 0 0
04.2094 450 45000000 0 0
05.2094 450 45000000 0 0
06.2094 450 45000000 0 0
07.2094 450 45000000 0 0
08.2094 450 45000000 0 0
09.2094 450 45000000 0 0
10.2094 450 45000000 0 0
11.2094 450 45000000 0 0
12.2094 450 45000000 0 0
01.2095 450 45000000 0 0
02.2095 450 45000000 0 0
03.2095 450 45000000 0 0
04.2095 450 45000000 0 0
05.2095 450 45000000 0 0
06.2095 450 45000000 0 0
07.2095 450 45000000 0 0
08.2095 450 45000000 0 0
09.2095 450 45000000 0 0
10.2095 450 45000000 0 0
11.2095 450 45000000 0 0
12.2095 450 45000000 0 0
01.2096 450 45000000 0 0
02.2096 450 45000000 0 0
03.2096 450 45000000 0 0
04.2096 450 45000000 0 0
05.2096 450 45000000 0 0
06.2096 450 45000000 0 0
07.2096 450 45000000 0 0
08.2096 450 45000000 0 0
09.2096 450 45000000 0 0
10.2096 450 45000000 0 0
11.2096 450 45000000 0 0
12.2096 450 45000000 0 0
01.2097 450 45000000 0 0
02.2097 450 45000000 0 0
03.2097 450 45000000 0 0
04.2097 450 45000000 0 0
05.2097 450 45000000 0 0
06.2097 450 45000000 0 0
07.2097 450 45000000 0 0
08.2097 450 45000000 0 0
09.2097 450 45000000 0 0
10.2097 450 45000000 0 0
11.2097 450 45000000 0 0
12.2097 450 45000000 0 0
01.2098 450 45000000 0 0
02.2098 450 45000000 0 0
03.2098 450 45000000 0 0
04.2098 450 45000000 0 0
05.2098 450 45000000 0 0
06.2098 450 45000000 0 0
07.2098 450 45000000 0 0
08.2098 450 45000000 0 0
09.2098 450 45000000 0 0
10.2098 450 45000000 0 0
11.2098 450 45000000 0 0
12.2098 450 45000000 0 0
01.2099 450 45000000 0 0
02.2099 450 45000000 0 0
03.2099 450 45000000 0 0
04.2099 450 45000000 0 0
05.2099 450 45000000 0 0
06.2099 450 45000000 0 0
07.2099 450 45000000 0 0
08.2099 450 45000000 0 0
09.2099 450 45000000 0 0
10.2099 450 45000000 0 0
11.2099 450 45000000 0 0
12.2099 450 45000000 0 0
01.2100 450 45000000 0 0
02.2100 450 45000000 0 0
03.2100 450 45000000 0 0
04.2100 450 45000000 0 0
05.2100 450 45000000 0 0
06.2100 450 45000000 0 0
07.2100 450 45000000 0 0
08.2100 450 45000000 0 0
09.2100 450 45000000 0 0
10.2100 450 45000000 0 0
11.2100 450 45000000 0 0
12.2100 450 45000000 0 0
01.2101 450 45000000 0 0
02.2101 450 45000000 0 0
03.2101 450 45000000 0 0
04.2101 450 45000000 0 0
05.2101 450 45000000 0 0
06.2101 450 45000000 0 0
07.2101 450 45000000 0 0
08.2101 450 45000000 0 0
09.2101 450 45000000 0 0
10.2101 450 45000000 0 0
11.2101 450 45000000 0 0
12.2101 450 45000000 0 0
01.2102 450 45000000 0 0
02.2102 450 45000000 0 0
03.2102 450 45000000 0 0
04.2102 450 45000000 0 0
05.2102 450 45000000 0 0
06.2102 450 45000000 0 0
07.2102 450 45000000 0 0
08.2102 450 45000000 0 0
09.2102 450 45000000 0 0
10.2102 450 45000000 0 0
11.2102 450 45000000 0 0
12.2102 450 45000000 0 0
01.2103 450 45000000 0 0
02.2103 450 45000000 0 0
03.2103 450 45000000 0 0
04.2103 450 45000000 0 0
05.2103 450 45000000 0 0
06.2103 450 45000000 0 0
07.2103 450 45000000 0 0
08.2103 450 45000000 0 0
09.2103 450 45000000 0 0
10.2103 450 45000000 0 0
11.2103 450 45000000 0 0
12.2103 450 45000000 0 0
01.2104 450 45000000 0 0
02.2104 450 45000000 0 0
03.2104 450 45000000 0 0
04.2104 450 45000000 0 0
05.2104 450 45000000 0 0
06.2104 450 45000000 0 0
07.2104 450 45000000 0 0
08.2104 450 45000000 0 0
09.2104 450 45000000 0 0
10.2104 450 45000000 0 0
11.2104 450 45000000 0 0
12.2104 450 45000000 0 0
01.2105 450 45000000 0 0
02.2105 450 45000000 0 0
03.2105 450 45000000 0 0
04.2105 450 45000000 0 0
05.2105 450 45000000 0 0
06.2105 450 45000000 0 0
07.2105 450 45000000 0 0
08.2105 450 45000000 0 0
09.2105 450 45000000 0 0
10.2105 450 45000000 0 0
11.2105 450 45000000 0 0
12.2105 450 45000000 0 0
01.2106 450 45000000 0 0
02.2106 450 45000000 0 0
03.2106 450 45000000 0 0
04.2106 450 45000000 0 0
05.2106 450 45000000 0 0
06.2106 450 45000000 0 0
07.2106 450 45000000 0 0
08.2106 450 45000000 0 0
09.2106 450 45000000 0 0
10.2106 450 45000000 0 0
11.2106 450 45000000 0 0
12.2106 450 45000000 0 0
01.2107 450 45000000 0 0
02.2107 450 45000000 0 0
03.2107 450 45000000 0 0
04.2107 450 45000000 0 0
05.2107 450 45000000 0 0
06.2107 450 45000000 0 0
07.2107 450 45000000 0 0
08.2107 450 45000000 0 0
09.2107 450 45000000 0 0
10.2107 450 45000000 0 0
11.2107 450 45000000 0 0
12.2107 450 45000000 0 0
01.2108 450 45000000 0 0
02.2108 450 45000000 0 0
03.2108 450 45000000 0 0
04.2108 450 45000000 0 0
05.2108 450 45000000 0 0
06.2108 450 45000000 0 0
07.2108 450 45000000 0 0
08.2108 450 45000000 0 0
09.2108 450 45000000 0 0
10.2108 450 45000000 0 0
11.2108 450 45000000 0 0
12.2108 450 45000000 0 0
01.2109 450 45000000 0 0
02.2109 450 45000000 0 0
03.2109 450 45000000 0 0
04.2109 450 45000000 0 0
05.2109 450 45000000 0 0
06.2109 450 45000000 0 0
07.2109 450 45000000 0 0
08.2109 450 45000000 0 0
09.2109 450 45000000 0 0
10.2109 450 45000000 0 0
11.2109 450 45000000 0 0
12.2109 450 45000000 0 0
01.2110 450 45000000 0 0
02.2110 450 45000000 0 0
03.2110 450 45000000 0 0
04.2110 450 45000000 0 0
05.2110 450 45000000 0 0
06.2110 450 45000000 0 0
07.2110 450 45000000 0 0
08.2110 450 45000000 0 0
09.2110 450 45000000 0 0
10.2110 450 45000000 0 0
11.2110 450 45000000 0 0
12.2110 450 45000000 0 0
01.2111 450 45000000 0 0
02.2111 450 45000000 0 0
03.2111 450 45000000 0 0
04.2111 450 45000000 0 0
05.2111 450 45000000 0 0
06.2111 450 45000000 0 0
07.2111 450 45000000 0 0
08.2111 450 45000000 0 0
09.2111 450 45000000 0 0
10.2111 450 45000000 0 0
11.2111 450 45000000 0 0
12.2111 450 45000000 0 0
01.2112 450 45000000 0 0
02.2112 450 45000000 0 0
03.2112 450 45000000 0 0
04.2112 450 45000000 0 0
05.2112 450 45000000 0 0
06.2112 450 45000000 0 0
07.2112 450 45000000 0 0
08.2112 450 45000000 0 0
09.2112 450 45000000 0 0
10.2112 450 45000000 0 0
11.2112 450 45000000 0 0
12.2112 450 45000000 0 0
01.2113 450 45000000 0 0
02.2113 450 45000000 0 0
03.2113 450 45000000 0 0
04.2113 450 45000000 0 0
05.2113 450 45000000 0 0
06.2113 450 45000000 0 0
07.2113 450 45000000 0 0
08.2113 450 45000000 0 0
09.2113 450 45000000 0 0
10.2113 450 45000000 0 0
11.2113 450 45000000 0 0
12.2113 450 45000000 0 0
01.2114 450 45000000 0 0
02.2114 450 45000000 0 0
03.2114 450 45000000 0 0
04.2114 450 45000000 0 0
05.2114 450 45000000 0 0
06.2114 450 45000000 0 0
07.2114 450 45000000 0 0
08.2114 450 45000000 0 0
09.2114 450 45000000 0 0
10.2114 450 45000000 0 0
11.2114 450 45000000 0 0
12.2114 450 45000000 0 0
01.2115 450 45000000 0 0
02.2115 450 45000000 0 0
03.2115 450 45000000 0 0
04.2115 450 45000000 0 0
05.2115 450 45000000 0 0
06.2115 450 45000000 0 0
07.2115 450 45000000 0 0
08.2115 450 45000000 0 0
09.2115 450 45000000 0 0
10.2115 450 45000000 0 0
11.2115 450 45000000 0 0
12.2115 450 45000000 0 0
01.2116 450 45000000 0 0
02.2116 450 45000000 0 0
03.2116 450 45000000 0 0
04.2116 450 45000000 0 0
05.2116 450 45000000 0 0
06.2116 450 45000000 0 0
07.2116 450 45000000 0 0
08.2116 450 45000000 0 0
09.2116 450 45000000 0 0
10.2116 450 45000000 0 0
11.2116 450 45000000 0 0
12.2116 450 45000000 0 0
01.2117 450 45000000 0 0
02.2117 450 45000000 0 0
03.2117 450 45000000 0 0
04.2117 450 45000000 0 0
05.2117 450 45000000 0 0
06.2117 450 45000000 0 0
07.2117 450 45000000 0 0
08.2117 450 45000000 0 0
09.2117 450 45000000 0 0
10.2117 450 45000000 0 0
11.2117 450 45000000 0 0
12.2117 450 45000000 0 0
01.2118 450 45000000 0 0
02.2118 450 45000000 0 0
03.2118 450 45000000 0 0
04.2118 450 45000000 0 0
05.2118 450 45000000 0 0
06.2118 450 45000000 0 0
07.2118 450 45000000 0 0
08.2118 450 45000000 0 0
09.2118 450 45000000 0 0
10.2118 450 45000000 0 0
11.2118 450 45000000 0 0
12.2118 450 45000000 0 0
01.2119 450 45000000 0 0
02.2119 450 45000000 0 0
03.2119 450 45000000 0 0
04.2119 450 45000000 0 0
05.2119 450 45000000 0 0
06.2119 450 45000000 0 0
07.2119 450 45000000 0 0
08.2119 450 45000000 0 0
09.2119 450 45000000 0 0
10.2119 450 45000000 0 0
11.2119 450 45000000 0 0
12.2119 450 45000000 0 0
01.2120 450 45000000 0 0
02.2120 450 45000000 0 0
03.2120 450 45000000 0 0
04.2120 450 45000000 0 0
05.2120 450 45000000 0 0
06.2120 450 45000000 0 0
07.2120 450 45000000 0 0
08.2120 450 45000000 0 0
09.2120 450 45000000 0 0
10.2120 450 45000000 0 0
11.2120 450 45000000 0 0
12.2120 450 45000000 0 0
01.2121 450 45000000 0 0
02.2121 450 45000000 0 0
03.2121 450 45000000 0 0
04.2121 450 45000000 0 0
05.2121 450 45000000 0 0
06.2121 450 45000000 0 0
07.2121 450 45000000 0 0
08.2121 450 45000000 0 0
09.2121 450 45000000 0 0
10.2121 450 45000000 0 0
11.2121 450 45000000 0 0
12.2121 450 45000000 0 0
01.2122 450 45000000 0 0
02.2122 450 45000000 0 0
03.2122 450 45000000 0 0
04.2122 450 45000000 0 0
05.2122 450 45000000 0 0
06.2122 450 45000000 0 0
07.2122 450 45000000 0 0
08.2122 450 45000000 0 0
09.2122 450 45000000 0 0
10.2122 450 45000000 0 0
11.2122 450 45000000 0 0
12.2122 450 45000000 0 0
01.2123 450 45000000 0 0
02.2123 450 45000000 0 0
03.2123 450 45000000 0 0
04.2123 450 45000000 0 0
05.2123 450 45000000 0 0
06.2123 450 45000000 0 0
07.2123 450 45000000 0 0
08.2123 450 45000000 0 0
09.2123 450 45000000 0 0
10.2123 450 45000000 0 0
11.2123 450 45000000 0 0
12.2123 450 45000000 0 0
01.2124 450 45000000 0 0
02.2124 450 45000000 0 0
03.2124 450 45000000 0 0
04.2124 450 45000000 0 0
05.2124 450 45000000 0 0
06.2124 450 45000000 0 0
07.2124 450 45000000 0 0
08.2124 450 45000000 0 0
09.2124 450 45000000 0 0
10.2124 450 45000000 0 0
11.2124 450 45000000 0 0
12.2124 450 45000000 0 0
01.2125 450 45000000 0 0
02.2125 450 45000000 0 0
03.2125 450 45000000 0 0
04.2125 450 45000000 0 0
05.2125 450 45000000 0 0
06.2125 450 45000000 0 0
07.2125 450 45000000 0 0
08.2125 450 45000000 0 0
09.2125 450 45000000 0 0
10.2125 450 45000000 0 0
11.2125 450 45000000 0 0
12.2125 450 45000000 0 0
01.2126 450 45000000 0 0
02.2126 450 45000000 0 0
03.2126 450 45000000 0 0
04.2126 450 45000000 0 0
05.2126 450 45000000 0 0
06.2126 450 45000000 0 0
07.2126 450 45000000 0 0
08.2126 450 45000000 0 0
09.2126 450 45000000 0 0
10.2126 450 45000000 0 0
11.2126 450 45000000 0 0
12.2126 450 45000000 0 0
01.2127 450 45000000 0 0
02.2127 450 45000000 0 0
03.2127 450 45000000 0 0
04.2127 450 45000000 0 0
05.2127 450 45000000 0 0
06.2127 450 45000000 0 0
07.2127 450 45000000 0 0
08.2127 450 45000000 0 0
09.2127 450 45000000 0 0
10.2127 450 45000000 0 0
11.2127 450 45000000 0 0
12.2127 450 45000000 0 0
01.2128 450 45000000 0 0
02.2128 450 45000000 0 0
03.2128 450 45000000 0 0
04.2128 450 45000000 0 0
05.2128 450 45000000 0 0
06.2128 450 45000000 0 0
07.2128 450 45000000 0 0
08.2128 450 45000000 0 0
09.2128 450 45000000 0 0
10.2128 450 45000000 0 0
11.2128 450 45000000 0 0
12.2128 450 45000000 0 0
01.2129 450 45000000 0 0
02.2129 450 45000000 0 0
03.2129 450 45000000 0 0
04.2129 450 45000000 0 0
05.2129 450 45000000 0 0
06.2129 450 45000000 0 0
07.2129 450 45000000 0 0
08.2129 450 45000000 0 0
09.2129 450 45000000 0 0
10.2129 450 45000000 0 0
11.2129 450 45000000 0 0
12.2129 450 45000000 0 0
01.2130 450 45000000 0 0
02.2130 450 45000000 0 0
03.2130 450 45000000 0 0
04.2130 450 45000000 0 0
05.2130 450 45000000 0 0
06.2130 450 45000000 0 0
07.2130 450 45000000 0 0
08.2130 450 45000000 0 0
09.2130 450 45000000 0 0
10.2130 450 45000000 0 0
11.2130 450 45000000 0 0
12.2130 450 45000000 0 0
01.2131 450 45000000 0 0
02.2131 450 45000000 0 0
03.2131 450 45000000 0 0
04.2131 450 45000000 0 0
05.2131 450 45000000 0 0
06.2131 450 45000000 0 0
07.2131 450 45000000 0 0
08.2131 450 45000000 0 0
09.2131 450 45000000 0 0
10.2131 450 45000000 0 0
11.2131 450 45000000 0 0
12.2131 450 45000000 0 0
01.2132 450 45000000 0 0
02.2132 450 45000000 0 0
03.2132 450 45000000 0 0
04.2132 450 45000000 0 0
05.2132 450 45000000 0 0
06.2132 450 45000000 0 0
07.2132 450 45000000 0 0
08.2132 450 45000000 0 0
09.2132 450 45000000 0 0
10.2132 450 45000000 0 0
11.2132 450 45000000 0 0
12.2132 450 45000000 0 0
01.2133 450 45000000 0 0
02.2133 450 45000000 0 0
03.2133 450 45000000 0 0
04.2133 450 45000000 0 0
05.2133 450 45000000 0 0
06.2133 450 45000000 0 0
07.2133 450 45000000 0 0
08.2133 450 45000000 0 0
09.2133 450 45000000 0 0
10.2133 450 45000000 0 0
11.2133 450 45000000 0 0
12.2133 450 45000000 0 0
01.2134 450 45000000 0 0
02.2134 450 45000000 0 0
03.2134 450 45000000 0 0
04.2134 450 45000000 0 0
05.2134 450 45000000 0 0
06.2134 450 45000000 0 0
07.2134 450 45000000 0 0
08.2134 450 45000000 0 0
09.2134 450 45000000 0 0
10.2134 450 45000000 0 0
11.2134 450 45000000 0 0
12.2134 450 45000000 0 0
01.2135 450 45000000 0 0
02.2135 450 45000000 0 0
03.2135 450 45000000 0 0
04.2135 450 45000000 0 0
05.2135 450 45000000 0 0
06.2135 450 45000000 0 0
07.2135 450 45000000 0 0
08.2135 450 45000000 0 0
09.2135 450 45000000 0 0
10.2135 450 45000000 0 0
11.2135 450 45000000 0 0
12.2135 450 45000000 0 0
01.2136 450 45000000 0 0
02.2136 450 45000000 0 0
03.2136 450 45000000 0 0
04.2136 450 45000000 0 0
05.2136 450 45000000 0 0
06.2136 450 45000000 0 0
07.2136 450 45000000 0 0
08.2136 450 45000000 0 0
09.2136 450 45000000 0 0
10.2136 450 45000000 0 0
11.2136 450 45000000 0 0
12.2136 450 45000000 0 0
01.2137 450 45000000 0 0
02.2137 450 45000000 0 0
03.2137 450 45000000 0 0
04.2137 450 45000000 0 0
05.2137 450 45000000 0 0
06.2137 450 45000000 0 0
07.2137 450 45000000 0 0
08.2137 450 45000000 0 0
09.2137 450 45000000 0 0
10.2137 450 45000000 0 0
11.2137 450 45000000 0 0
12.2137 450 45000000 0 0
01.2138 450 45000000 0 0
02.2138 450 45000000 0 0
03.2138 450 45000000 0 0
04.2138 450 45000000 0 0
05.2138 450 45000000 0 0
06.2138 450 45000000 0 0
07.2138 450 45000000 0 0
08.2138 450 45000000 0 0
09.2138 450 45000000 0 0
10.2138 450 45000000 0 0
11.2138 450 45000000 0 0
12.2138 450 45000000 0 0
01.2139 450 45000000 0 0
02.2139 450 45000000 0 0
03.2139 450 45000000 0 0
04.2139 450 45000000 0 0
05.2139 450 45000000 0 0
06.2139 450 45000000 0 0
07.2139 450 45000000 0 0
08.2139 450 45000000 0 0
09.2139 450 45000000 0 0
10.2139 450 45000000 0 0
11.2139 450 45000000 0 0
12.2139 450 45000000 0 0
01.2140 450 45000000 0 0
02.2140 450 45000000 0 0
03.2140 450 45000000 0 0
04.2140 450 45000000 0 0
05.2140 450 45000000 0 0
06.2140 450 45000000 0 0
07.2140 450 45000000 0 0
08.2140 450 45000000 0 0
09.2140 450 45000000 0 0
10.2140 450 45000000 0 0
11.2140 450 45000000 0 0
12.2140 450 45000000 0 0
01.2141 450 45000000 0 0
02.2141 450 45000000 0 0
03.2141 450 45000000 0 0
04.2141 450 45000000 0 0
05.2141 450 45000000 0 0
06.2141 450 45000000 0 0
07.2141 450 45000000 0 0
08.2141 450 45000000 0 0
09.2141 450 45000000 0 0
10.2141 450 45000000 0 0
11.2141 450 45000000 0 0
12.2141 450 45000000 0 0
01.2142 450 45000000 0 0
02.2142 450 45000000 0 0
03.2142 450 45000000 0 0
04.2142 450 45000000 0 0
05.2142 450 45000000 0 0
06.2142 450 45000000 0 0
07.2142 450 45000000 0 0
08.2142 450 45000000 0 0
09.2142 450 45000000 0 0
10.2142 450 45000000 0 0
11.2142 450 45000000 0 0
12.2142 450 45000000 0 0
01.2143 450 45000000 0 0
02.2143 450 45000000 0 0
03.2143 450 45000000 0 0
04.2143 450 45000000 0 0
05.2143 450 45000000 0 0
06.2143 450 45000000 0 0
07.2143 450 45000000 0 0
08.2143 450 45000000 0 0
09.2143 450 45000000 0 0
10.2143 450 45000000 0 0
11.2143 450 45000000 0 0
12.2143 450 45000000 0 0
01.2144 450 45000000 0 0
02.2144 450 45000000 0 0
03.2144 450 45000000 0 0
04.2144 450 45000000 0 0
05.2144 450 45000000 0 0
06.2144 450 45000000 0 0
07.2144 450 45000000 0 0
08.2144 450 45000000 0 0
09.2144 450 45000000 0 0
10.2144 450 45000000 0 0
11.2144 450 45000000 0 0
12.2144 450 45000000 0 0
01.2145 450 45000000 0 0
02.2145 450 45000000 0 0
03.2145 450 45000000 0 0
04.2145 450 45000000 0 0
05.2145 450 45000000 0 0
06.2145 450 45000000 0 0
07.2145 450 45000000 0 0
08.2145 450 45000000 0 0
09.2145 450 45000000 0 0
10.2145 450 45000000 0 0
11.2145 450 45000000 0 0
12.2145 450 45000000 0 0
01.2146 450 45000000 0 0
02.2146 450 45000000 0 0
03.2146 450 45000000 0 0
04.2146 450 45000000 0 0
05.2146 450 45000000 0 0
06.2146 450 45000000 0 0
07.2146 450 45000000 0 0
08.2146 450 45000000 0 0
09.2146 450 45000000 0 0
10.2146 450 45000000 0 0
11.2146 450 45000000 0 0
12.2146 450 45000000 0 0
01.2147 450 45000000 0 0
02.2147 450 45000000 0 0
03.2147 450 45000000 0 0
04.2147 450 45000000 0 0
05.2147 450 45000000 0 0
06.2147 450 45000000 0 0
07.2147 450 45000000 0 0
08.2147 450 45000000 0 0
09.2147 450 45000000 0 0
10.2147 450 45000000 0 0
11.2147 450 45000000 0 0
12.2147 450 45000000 0 0
01.2148 450 45000000 0 0
02.2148 450 45000000 0 0
03.2148 450 45000000 0 0
04.2148 450 45000000 0 0
05.2148 450 45000000 0 0
06.2148 450 45000000 0 0
07.2148 450 45000000 0 0
08.2148 450 45000000 0 0
09.2148 450 45000000 0 0
10.2148 450 45000000 0 0
11.2148 450 45000000 0 0
12.2148 450 45000000 0 0
01.2149 450 45000000 0 0
02.2149 450 45000000 0 0
03.2149 450 45000000 0 0
04.2149 450 45000000 0 0
05.2149 450 45000000 0 0
06.2149 450 45000000 0 0
07.2149 450 45000000 0 0
08.2149 450 45000000 0 0
09.2149 450 45000000 0 0
10.2149 450 45000000 0 0
11.2149 450 45000000 0 0
12.2149 450 45000000 0 0
01.2150 450 45000000 0 0
02.2150 450 45000000 0 0
03.2150 450 45000000 0 0
04.2150 450 45000000 0 0
05.2150 450 45000000 0 0
06.2150 450 45000000 0 0
07.2150 450 45000000 0 0
08.2150 450 45000000 0 0
09.2150 450 45000000 0 0
10.2150 450 45000000 0 0
11.2150 450 45000000 0 0
12.2150 450 45000000 0 0
01.2151 450 45000000 0 0
02.2151 450 45000000 0 0
03.2151 450 45000000 0 0
04.2151 450 45000000 0 0
05.2151 450 45000000 0 0
06.2151 450 45000000 0 0
07.2151 450 45000000 0 0
08.2151 450 45000000 0 0
09.2151 450 45000000 0 0
10.2151 450 45000000 0 0
11.2151 450 45000000 0 0
12.2151 450 45000000 0 0
01.2152 450 45000000 0 0
02.2152 450 45000000 0 0
03.2152 450 45000000 0 0
04.2152 450 45000000 0 0
05.2152 450 45000000 0 0
06.2152 450 45000000 0 0
07.2152 450 45000000 0 0
08.2152 450 45000000 0 0
09.2152 450 45000000 0 0
10.2152 450 45000000 0 0
11.2152 450 45000000 0 0
12.2152 450 45000000 0 0
01.2153 450 45000000 0 0
02.2153 450 45000000 0 0
03.2153 450 45000000 0 0
04.2153 450 45000000 0 0
05.2153 450 45000000 0 0
06.2153 450 45000000 0 0
07.2153 450 45000000 0 0
08.2153 450 45000000 0 0
09.2153 450 45000000 0 0
10.2153 450 45000000 0 0
11.2153 450 45000000 0 0
12.2153 450 45000000 0 0
01.2154 450 45000000 0 0
02.2154 450 45000000 0 0
03.2154 450 45000000 0 0
04.2154 450 45000000 0 0
05.2154 450 45000000 0 0
06.2154 450 45000000 0 0
07.2154 450 45000000 0 0
08.2154 450 45000000 0 0
09.2154 450 45000000 0 0
10.2154 450 45000000 0 0
11.2154 450 45000000 0 0
12.2154 450 45000000 0 0
01.2155 450 45000000 0 0
02.2155 450 45000000 0 0
03.2155 450 45000000 0 0
04.2155 450 45000000 0 0
05.2155 450 45000000 0 0
06.2155 450 45000000 0 0
07.2155 450 45000000 0 0
08.2155 450 45000000 0 0
09.2155 450 45000000 0 0
10.2155 450 45000000 0 0
11.2155 450 45000000 0 0
12.2155 450 45000000 0 0
01.2156 450 45000000 0 0
02.2156 450 45000000 0 0
03.2156 450 45000000 0 0
04.2156 450 45000000 0 0
05.2156 450 45000000 0 0
06.2156 450 45000000 0 0
07.2156 450 45000000 0 0
08.2156 450 45000000 0 0
09.2156 450 45000000 0 0
10.2156 450 45000000 0 0
11.2156 450 45000000 0 0
12.2156 450 45000000 0 0
01.2157 450 45000000 0 0
02.2157 450 45000000 0 0
03.2157 450 45000000 0 0
04.2157 450 45000000 0 0
05.2157 450 45000000 0 0
06.2157 450 45000000 0 0
07.2157 450 45000000 0 0
08.2157 450 45000000 0 0
09.2157 450 45000000 0 0
10.2157 450 45000000 0 0
11.2157 450 45000000 0 0
12.2157 450 45000000 0 0
01.2158 450 45000000 0 0
02.2158 450 45000000 0 0
03.2158 450 45000000 0 0
04.2158 450 45000000 0 0
05.2158 450 45000000 0 0
06.2158 450 45000000 0 0
07.2158 450 45000000 0 0
08.2158 450 45000000 0 0
09.2158 450 45000000 0 0
10.2158 450 45000000 0 0
11.2158 450 45000000 0 0
12.2158 450 45000000 0 0
01.2159 450 45000000 0 0
02.2159 450 45000000 0 0
03.2159 450 45000000 0 0
04.2159 450 45000000 0 0
05.2159 450 45000000 0 0
06.2159 450 45000000 0 0
07.2159 450 45000000 0 0
08.2159 450 45000000 0 0
09.2159 450 45000000 0 0
10.2159 450 45000000 0 0
11.2159 450 45000000 0 0
12.2159 450 45000000 0 0
01.2160 450 45000000 0 0
02.2160 450 45000000 0 0
03.2160 450 45000000 0 0
04.2160 450 45000000 0 0
05.2160 450 45000000 0 0
06.2160 450 45000000 0 0
07.2160 450 45000000 0 0
08.2160 450 45000000 0 0
09.2160 450 45000000 0 0
10.2160 450 45000000 0 0
11.2160 450 45000000 0 0
12.2160 450 45000000 0 0
01.2161 450 45000000 0 0
02.2161 450 45000000 0 0
03.2161 450 45000000 0 0
04.2161 450 45000000 0 0
05.2161 450 45000000 0 0
06.2161 450 45000000 0 0
07.2161 450 45000000 0 0
08.2161 450 45000000 0 0
09.2161 450 45000000 0 0
10.2161 450 45000000 0 0
11.2161 450 45000000 0 0
12.2161 450 45000000 0 0
01.2162 450 45000000 0 0
02.2162 450 45000000 0 0
03.2162 450 45000000 0 0
04.2162 450 45000000 0 0
05.2162 450 45000000 0 0
06.2162 450 45000000 0 0
07.2162 450 45000000 0 0
08.2162 450 45000000 0 0
09.2162 450 45000000 0 0
10.2162 450 45000000 0 0
11.2162 450 45000000 0 0
12.2162 450 45000000 0 0
01.2163 450 45000000 0 0
02.2163 450 45000000 0 0
03.2163 450 45000000 0 0
04.2163 450 45000000 0 0
05.2163 450 45000000 0 0
06.2163 450 45000000 0 0
07.2163 450 45000000 0 0
08.2163 450 45000000 0 0
09.2163 450 45000000 0 0
10.2163 450 45000000 0 0
11.2163 450 45000000 0 0
12.2163 450 45000000 0 0
01.2164 450 45000000 0 0
02.2164 450 45000000 0 0
03.2164 450 45000000 0 0
04.2164 450 45000000 0 0
05.2164 450 45000000 0 0
06.2164 450 45000000 0 0
07.2164 450 45000000 0 0
08.2164 450 45000000 0 0
09.2164 450 45000000 0 0
10.2164 450 45000000 0 0
11.2164 450 45000000 0 0
12.2164 450 45000000 0 0
01.2165 450 45000000 0 0
02.2165 450 45000000 0 0
03.2165 450 45000000 0 0
04.2165 450 45000000 0 0
05.2165 450 45000000 0 0
06.2165 450 45000000 0 0
07.2165 450 45000000 0 0
08.2165 450 45000000 0 0
09.2165 450 45000000 0 0
10.2165 450 45000000 0 0
11.2165 450 45000000 0 0
12.2165 450 45000000 0 0
01.2166 450 45000000 0 0
02.2166 450 45000000 0 0
03.2166 450 45000000 0 0
04.2166 450 45000000 0 0
05.2166 450 45000000 0 0
06.2166 450 45000000 0 0
07.2166 450 45000000 0 0
08.2166 450 45000000 0 0
09.2166 450 45000000 0 0
10.2166 450 45000000 0 0
11.2166 450 45000000 0 0
12.2166 450 45000000 0 0
01.2167 450 45000000 0 0
02.2167 450 45000000 0 0
03.2167 450 45000000 0 0
04.2167 450 45000000 0 0
05.2167 450 45000000 0 0
06.2167 450 45000000 0 0
07.2167 450 45000000 0 0
08.2167 450 45000000 0 0
09.2167 450 45000000 0 0
10.2167 450 45000000 0 0
11.2167 450 45000000 0 0
12.2167 450 45000000 0 0
01.2168 450 45000000 0 0
02.2168 450 45000000 0 0
03.2168 450 45000000 0 0
04.2168 450 45000000 0 0
05.2168 450 45000000 0 0
06.2168 450 45000000 0 0
07.2168 450 45000000 0 0
08.2168 450 45000000 0 0
09.2168 450 45000000 0 0
10.2168 450 45000000 0 0
11.2168 450 45000000 0 0
12.2168 450 45000000 0 0
01.2169 450 45000000 0 0
02.2169 450 45000000 0 0
03.2169 450 45000000 0 0
04.2169 450 45000000 0 0
05.2169 450 45000000 0 0
06.2169 450 45000000 0 0
07.2169 450 45000000 0 0
08.2169 450 45000000 0 0
09.2169 450 45000000 0 0
10.2169 450 45000000 0 0
11.2169 450 45000000 0 0
12.2169 450 45000000 0 0
01.2170 450 45000000 0 0
02.2170 450 45000000 0 0
03.2170 450 45000000 0 0
04.2170 450 45000000 0 0
05.2170 450 45000000 0 0
06.2170 450 45000000 0 0
07.2170 450 45000000 0 0
08.2170 450 45000000 0 0
09.2170 450 45000000 0 0
10.2170 450 45000000 0 0
11.2170 450 45000000 0 0
12.2170 450 45000000 0 0
01.2171 450 45000000 0 0
02.2171 450 45000000 0 0
03.2171 450 45000000 0 0
04.2171 450 45000000 0 0
05.2171 450 45000000 0 0
06.2171 450 45000000 0 0
07.2171 450 45000000 0 0
08.2171 450 45000000 0 0
09.2171 450 45000000 0 0
10.2171 450 45000000 0 0
11.2171 450 45000000 0 0
12.2171 450 45000000 0 0
01.2172 450 45000000 0 0
02.2172 450 45000000 0 0
03.2172 450 45000000 0 0
04.2172 450 45000000 0 0
05.2172 450 45000000 0 0
06.2172 450 45000000 0 0
07.2172 450 45000000 0 0
08.2172 450 45000000 0 0
09.2172 450 45000000 0 0
10.2172 450 45000000 0 0
11.2172 450 45000000 0 0
12.2172 450 45000000 0 0
01.2173 450 45000000 0 0
02.2173 450 45000000 0 0
03.2173 450 45000000 0 0
04.2173 450 45000000 0 0
05.2173 450 45000000 0 0
06.2173 450 45000000 0 0
07.2173 450 45000000 0 0
08.2173 450 45000000 0 0
09.2173 450 45000000 0 0
10.2173 450 45000000 0 0
11.2173 450 45000000 0 0
12.2173 450 45000000 0 0
01.2174 450 45000000 0 0
02.2174 450 45000000 0 0
03.2174 450 45000000 0 0
04.2174 450 45000000 0 0
05.2174 450 45000000 0 0
06.2174 450 45000000 0 0
07.2174 450 45000000 0 0
08.2174 450 45000000 0 0
09.2174 450 45000000 0 0
10.2174 450 45000000 0 0
11.2174 450 45000000 0 0
12.2174 450 45000000 0 0
01.2175 450 45000000 0 0
02.2175 450 45000000 0 0
03.2175 450 45000000 0 0
04.2175 450 45000000 0 0
05.2175 450 45000000 0 0
06.2175 450 45000000 0 0
07.2175 450 45000000 0 0
08.2175 450 45000000 0 0
09.2175 450 45000000 0 0
10.2175 450 45000000 0 0
11.2175 450 45000000 0 0
12.2175 450 45000000 0 0
01.2176 450 45000000 0 0
02.2176 450 45000000 0 0
03.2176 450 45000000 0 0
04.2176 450 45000000 0 0
05.2176 450 45000000 0 0
06.2176 450 45000000 0 0
07.2176 450 45000000 0 0
08.2176 450 45000000 0 0
09.2176 450 45000000 0 0
10.2176 450 45000000 0 0
11.2176 450 45000000 0 0
12.2176 450 45000000 0 0
01.2177 450 45000000 0 0
02.2177 450 45000000 0 0
03.2177 450 45000000 0 0
04.2177 450 45000000 0 0
05.2177 450 45000000 0 0
06.2177 450 45000000 0 0
07.2177 450 45000000 0 0
08.2177 450 45000000 0 0
09.2177 450 45000000 0 0
10.2177 450 45000000 0 0
11.2177 450 45000000 0 0
12.2177 450 45000000 0 0
01.2178 450 45000000 0 0
02.2178 450 45000000 0 0
03.2178 450 45000000 0 0
04.2178 450 45000000 0 0
05.2178 450 45000000 0 0
06.2178 450 45000000 0 0
07.2178 450 45000000 0 0
08.2178 450 45000000 0 0
09.2178 450 45000000 0 0
10.2178 450 45000000 0 0
11.2178 450 45000000 0 0
12.2178 450 45000000 0 0
01.2179 450 45000000 0 0
02.2179 450 45000000 0 0
03.2179 450 45000000 0 0
04.2179 450 45000000 0 0
05.2179 450 45000000 0 0
06.2179 450 45000000 0 0
07.2179 450 45000000 0 0
08.2179 450 45000000 0 0
09.2179 450 45000000 0 0
10.2179 450 45000000 0 0
11.2179 450 45000000 0 0
12.2179 450 45000000 0 0
01.2180 450 45000000 0 0
02.2180 450 45000000 0 0
03.2180 450 45000000 0 0
04.2180 450 45000000 0 0
05.2180 450 45000000 0 0
06.2180 450 45000000 0 0
07.2180 450 45000000 0 0
08.2180 450 45000000 0 0
09.2180 450 45000000 0 0
10.2180 450 45000000 0 0
11.2180 450 45000000 0 0
12.2180 450 45000000 0 0
01.2181 450 45000000 0 0
02.2181 450 45000000 0 0
03.2181 450 45000000 0 0
04.2181 450 45000000 0 0
05.2181 450 45000000 0 0
06.2181 450 45000000 0 0
07.2181 450 45000000 0 0
08.2181 450 45000000 0 0
09.2181 450 45000000 0 0
10.2181 450 45000000 0 0
11.2181 450 45000000 0 0
12.2181 450 45000000 0 0
01.2182 450 45000000 0 0
02.2182 450 45000000 0 0
03.2182 450 45000000 0 0
04.2182 450 45000000 0 0
05.2182 450 45000000 0 0
06.2182 450 45000000 0 0
07.2182 450 45000000 0 0
08.2182 450 45000000 0 0
09.2182 450 45000000 0 0
10.2182 450 45000000 0 0
11.2182 450 45000000 0 0
12.2182 450 45000000 0 0
01.2183 450 45000000 0 0
02.2183 450 45000000 0 0
03.2183 450 45000000 0 0
04.2183 450 45000000 0 0
05.2183 450 45000000 0 0
06.2183 450 45000000 0 0
07.2183 450 45000000 0 0
08.2183 450 45000000 0 0
09.2183 450 45000000 0 0
10.2183 450 45000000 0 0
11.2183 450 45000000 0 0
12.2183 450 45000000 0 0
01.2184 450 45000000 0 0
02.2184 450 45000000 0 0
03.2184 450 45000000 0 0
04.2184 450 45000000 0 0
05.2184 450 45000000 0 0
06.2184 450 45000000 0 0
07.2184 450 45000000 0 0
08.2184 450 45000000 0 0
09.2184 450 45000000 0 0
